001     1737100.000000  0.000000  0.000000 0.000000
002     1719641.708543  -181141.991524  -165940.902573 -165940.902573
003     1702183.417085  30296.265046  345210.314046 345210.314046
004     1684725.125628  257577.158098  -335963.790763 -335963.790763
005     1667266.834171  -480130.092302  84928.252898 84928.252898
006     1649808.542714  458779.620536  291838.040992 291838.040992
007     1632350.251256  -154229.662824  -573726.658199 -573726.658199
008     1614891.959799  -294995.031377  567994.982055 567994.982055
009     1597433.668342  641028.864364  -234102.713143 -234102.713143
010     1579975.376884  -667320.017321  -275460.002400 -275460.002400
011     1562517.085427  321692.344200  687437.854232 687437.854232
012     1545058.793970  237607.590186  -757530.439166 -757530.439166
013     1527600.502513  -715542.284822  414671.379956 414671.379956
014     1510142.211055  838456.050435  184332.210634 184332.210634
015     1492683.919598  -510995.660978  -726838.744588 -726838.744588
016     1475225.628141  -117867.897106  909578.427025 909578.427025
017     1457767.336683  722352.862382  -608799.757151 -608799.757151
018     1440309.045226  -970266.130976  -40123.550710 -40123.550710
019     1422850.753769  706348.473120  702911.073338 702911.073338
020     1405392.462312  -47160.277276  -1019884.476362 -1019884.476362
021     1387934.170854  -669274.341865  802014.340705 802014.340705
022     1370475.879397  1057853.338091  -142332.670461 -142332.670461
023     1353017.587940  -894268.486110  -622208.720187 -622208.720187
024     1335559.296482  243792.113481  1083680.386915 1083680.386915
025     1318101.005025  562523.666807  -981678.804311 -981678.804311
026     1300642.713568  -1096981.341294  349966.967721 349966.967721
027     1283184.422111  1062912.224196  491092.407300 491092.407300
028     1265726.130653  -459307.850899  -1097492.628806 -1097492.628806
029     1248267.839196  -408861.534093  1136739.221443 1136739.221443
030     1230809.547739  1085079.159247  -570287.195511 -570287.195511
031     1213351.256281  -1202039.452377  -316853.741983 -316853.741983
032     1195892.964824  681403.273071  1059738.649919 1059738.649919
033     1178434.673367  216165.946535  -1257807.781088 -1257807.781088
034     1160976.381910  -1021603.315807  791187.029583 791187.029583
035     1143518.090452  1303160.207760  107964.159424 107964.159424
036     1126059.798995  -898210.665744  -970939.410587 -970939.410587
037     1108601.507538  6523.989654  1337339.352986 1337339.352986
038     1091143.216080  908144.928984  -1001097.238015 -1001097.238015
039     1073684.924623  -1359719.249237  126018.474402 126018.474402
040     1056226.633166  1098530.765093  833745.685167 833745.685167
041     1038768.341709  -249197.393490  -1369809.257284 -1369809.257284
042     1021310.050251  -748389.929535  1189266.456530 1189266.456530
043     1003851.758794  1367256.973838  -374708.451811 -374708.451811
044     986393.467337  -1272140.767655  -652841.638429 -652841.638429
045     968935.175879  501181.126109  1351850.033760 1351850.033760
046     951476.884422  547972.597532  -1346081.045392 -1346081.045392
047     934018.592965  -1323516.739874  627239.282307 627239.282307
048     916560.301508  1410114.573377  434753.394065 434753.394065
049     899102.010050  -751514.040820  -1282325.478174 -1282325.478174
050     881643.718593  -314243.431909  1463376.858150 1463376.858150
051     864185.427136  1228482.897565  -872656.706796 -872656.706796
052     846727.135678  -1505119.024953  -187580.085378 -187580.085378
053     829268.844221  989351.597803  1162330.852180 1162330.852180
054     811810.552764  55967.110174  -1534714.214113 -1534714.214113
055     794352.261307  -1084342.121295  1100328.614071 1100328.614071
056     776893.969849  1551662.888687  -79337.566668 -79337.566668
057     759435.678392  -1204375.407315  -995114.937402 -995114.937402
058     741977.386935  217034.552923  1555596.981906 1555596.981906
059     724519.095477  895366.367188  -1300349.014225 -1300349.014225
060     707060.804020  -1546282.829555  355796.065805 355796.065805
061     689602.512563  1387186.830494  785924.603236 785924.603236
062     672144.221106  -494279.245578  -1523622.848157 -1523622.848157
063     654685.929648  -667720.236201  1463916.811055 1463916.811055
064     637227.638191  1487655.934934  -631139.577575 -631139.577575
065     619769.346734  -1529666.792293  -541776.588091 -541776.588091
066     602311.055276  765044.291991  1438556.580042 1438556.580042
067     584852.763819  409199.197069  -1583672.842405 -1583672.842405
068     567394.472362  -1376632.695648  894685.611824 894685.611824
069     549936.180905  1625286.556951  271164.552857 271164.552857
070     532477.889447  -1018793.721404  -1302322.179984 -1302322.179984
071     515019.597990  -128908.189426  1653981.227942 1653981.227942
072     497561.306533  1216188.247597  -1136149.331140 -1136149.331140
073     480103.015075  -1669356.826461  16287.751988 16287.751988
074     462644.723618  1245595.718403  1118913.569497 1118913.569497
075     445186.432161  -163107.371213  -1671143.750871 -1671143.750871
076     427728.140704  -1011293.278826  1346050.129770 1346050.129770
077     410269.849246  1659205.304988  -310214.146518 -310214.146518
078     392811.557789  -1436514.436258  -894226.908838 -894226.908838
079     375353.266332  456264.235887  1633538.883071 1633538.883071
080     357894.974874  768709.340480  -1516084.940502 -1516084.940502
081     340436.683417  -1594275.851162  599919.815465 599919.815465
082     322978.391960  1583961.243079  635820.846425 635820.846425
083     305520.100503  -739862.328128  -1541680.126876 -1541680.126876
084     288061.809045  -496716.327182  1639454.084285 1639454.084285
085     270603.517588  1476145.472338  -874805.515966 -874805.515966
086     253145.226131  -1681992.087517  -352613.842633 -352613.842633
087     235686.934673  1003508.112553  1398191.527247 1398191.527247
088     218228.643216  204782.549104  -1711127.340925 -1711127.340925
089     200770.351759  -1308458.621135  1124786.074164 1124786.074164
090     183312.060302  1726539.765092  54530.157735 54530.157735
091     165853.768844  -1237524.233461  -1207701.415482 -1207701.415482
092     148395.477387  96809.965542  1728040.226055 1728040.226055
093     130937.185930  1096781.437488  -1340687.264698 -1340687.264698
094     113478.894472  -1715572.364902  247891.934708 247891.934708
095     96020.603015  1433329.856033  976658.577805 976658.577805
096     78562.311558  -397370.587131  -1689213.127372 -1689213.127372
097     61104.020101  -848381.634364  1514605.992066 1514605.992066
098     43645.728643  1649171.989168  -543914.708861 -543914.708861
099     26187.437186  -1583777.258143  -713077.993436 -713077.993436
100     8729.145729  686220.115010  1595788.885088 1595788.885088
101     -8729.145729  571942.547248  -1640220.087263 -1640220.087263
102     -26187.437186  -1529530.862309  823022.459826 823022.459826
103     -43645.728643  1683431.880398  426225.954664 426225.954664
104     -61104.020101  -953109.653668  -1450987.490233 -1450987.490233
105     -78562.311558  -277222.357674  1713035.941715 1713035.941715
106     -96020.603015  1360865.071070  -1075333.767784 -1075333.767784
107     -113478.894472  -1728785.181390  -126256.671563 -126256.671563
108     -130937.185930  1188622.312648  1259979.706669 1259979.706669
109     -148395.477387  -25328.429337  -1730564.550359 -1730564.550359
110     -165853.768844  -1149249.287899  1291988.781540 1291988.781540
111     -183312.060302  1718392.183327  -176185.705520 -176185.705520
112     -200770.351759  -1384542.357986  -1029684.483129 -1029684.483129
113     -218228.643216  324976.599304  1692419.238600 1692419.238600
114     -235686.934673  902378.811769  -1465496.693580 -1465496.693580
115     -253145.226131  -1652928.435608  470384.407955 470384.407955
116     -270603.517588  1534177.671505  768497.897541 768497.897541
117     -288061.809045  -611127.256611  -1600331.303324 -1600331.303324
118     -305520.100503  -629268.003913  1590030.080672 1590030.080672
119     -322978.391960  1535164.165027  -745970.746573 -745970.746573
120     -340436.683417  -1632623.135703  -485963.960959 -485963.960959
121     -357894.974874  873740.157597  1458082.896808 1458082.896808
122     -375353.266332  339896.598665  -1661654.788959 -1661654.788959
123     -392811.557789  -1369856.508886  993332.087034 993332.087034
124     -410269.849246  1676954.792260  192399.806437 192399.806437
125     -427728.140704  -1103725.414044  -1271359.610041 -1271359.610041
126     -445186.432161  -44817.342133  1678486.477891 1678486.477891
127     -462644.723618  1163563.826073  -1203991.483509 -1203991.483509
128     -480103.015075  -1666347.240709  101510.483686 101510.483686
129     -497561.306533  1293303.411755  1047528.253263 1047528.253263
130     -515019.597990  -245260.121348  -1640767.715602 -1640767.715602
131     -532477.889447  -924389.037065  1370944.424623 1370944.424623
132     -549936.180905  1602109.657170  -385137.966622 -385137.966622
133     -567394.472362  -1436315.147771  -795348.174712 -795348.174712
134     -584852.763819  519893.290546  1550862.541007 1550862.541007
135     -602311.055276  661661.647991  -1488939.779263 -1488939.779263
136     -619769.346734  -1487638.918496  648330.791361 648330.791361
137     -637227.638191  1528471.085448  524626.998996 524626.998996
138     -654685.929648  -769322.649024  -1413168.569287 -1413168.569287
139     -672144.221106  -385570.467279  1554694.172754 1554694.172754
140     -689602.512563  1328291.507631  -881819.967693 -881819.967693
141     -707060.804020  -1567529.000264  -245833.811244 -245833.811244
142     -724519.095477  984863.497623  1233949.910385 1233949.910385
143     -741977.386935  106760.940076  -1567031.610706 -1567031.610706
144     -759435.678392  -1131179.045703  1077593.535127 1077593.535127
145     -776893.969849  1553394.070783  -30315.515298 -30315.515298
146     -794352.261307  -1159258.907627  -1021097.292155 -1021097.292155
147     -811810.552764  164087.562580  1526943.125407 1526943.125407
148     -829268.844221  904895.348225  -1229224.960194 -1229224.960194
149     -846727.135678  -1488137.584540  293285.010161 293285.010161
150     -864185.427136  1286980.470537  783824.741880 783824.741880
151     -881643.718593  -416688.302334  -1437564.475828 -1437564.475828
152     -899102.010050  -659185.759140  1332143.430892 1332143.430892
153     -916560.301508  1375934.011190  -533140.901217 -533140.901217
154     -934018.592965  -1364465.647931  -532314.919585 -532314.919585
155     -951476.884422  641561.091987  1304073.431084 1304073.431084
156     -968935.175879  404572.135496  -1383836.125459 -1383836.125459
157     -986393.467337  -1222919.806559  740953.091850 740953.091850
158     -1003851.758794  1390283.209614  277327.700440 277327.700440
159     -1021310.050251  -830417.347547  -1133511.896783 -1133511.896783
160     -1038768.341709  -151949.262836  1383975.492481 1383975.492481
161     -1056226.633166  1036981.179152  -909159.910838 -909159.910838
162     -1073684.924623  -1365221.487895  -29788.951433 -29788.951433
163     -1091143.216080  976500.785823  934542.191283 934542.191283
164     -1108601.507538  -87829.166153  -1334468.113166 -1334468.113166
165     -1126059.798995  -827482.350787  1031881.145396 1031881.145396
166     -1143518.090452  1292298.033189  -199621.091632 -199621.091632
167     -1160976.381910  -1074869.315535  -717151.452044 -717151.452044
168     -1178434.673367  304354.143594  1239425.950142 1239425.950142
169     -1195892.964824  604951.083331  -1105165.423573 -1105165.423573
170     -1213351.256281  -1176693.954626  400857.176593 400857.176593
171     -1230809.547739  1122604.597113  492324.268888 492324.268888
172     -1248267.839196  -488029.441606  -1105066.095650 -1105066.095650
173     -1265726.130653  -380745.729693  1127158.578684 1127158.578684
174     -1283184.422111  1025622.382460  -564847.658621 -564847.658621
175     -1300642.713568  -1118935.578332  -271713.292252 -271713.292252
176     -1318101.005025  630370.710349  939552.509488 939552.509488
177     -1335559.296482  166741.189383  -1098178.105474 -1098178.105474
178     -1353017.587940  -848149.711516  683741.093969 683741.093969
179     -1370475.879397  1065258.370517  67356.351107 67356.351107
180     -1387934.170854  -724181.795019  -752805.336816 -752805.336816
181     -1405392.462312  24900.606575  1020670.562263 1020670.562263
182     -1422850.753769  655005.022694  -750986.393182 -750986.393182
183     -1440309.045226  -965018.755591  108466.887101 108466.887101
184     -1457767.336683  763498.592433  556327.872258 556327.872258
185     -1475225.628141  -181736.609132  -898998.087305 -898998.087305
186     -1492683.919598  -458450.978489  761074.126808 761074.126808
187     -1510142.211055  823364.442035  -243018.328490 -243018.328490
188     -1527600.502513  -743011.021862  -363163.511541 -363163.511541
189     -1545058.793970  290452.441432  738882.340053 738882.340053
190     -1562517.085427  272398.603170  -708417.792506 -708417.792506
191     -1579975.376884  -646226.504380  321847.049817 321847.049817
192     -1597433.668342  655945.774951  188300.891054 188300.891054
193     -1614891.959799  -334326.953858  -545770.882423 -545770.882423
194     -1632350.251256  -113374.359779  583176.921498 583176.921498
195     -1649808.542714  437050.283785  -323473.695735 -323473.695735
196     -1667266.834171  -484924.941514  -50847.957397 -50847.957397
197     -1684725.125628  280634.640970  316957.188537 316957.188537
198     -1702183.417085  5869.403949  -346487.481299 -346487.481299
199     -1719641.708543  -168985.154997  178305.416718 178305.416718
200     -1737100.000000  0.000000  -0.000000 -0.000000
