# Response functions for l=2
# Columns:
# 1. Frequency (Hz)
# 2. Radial Response T_A_r (m)
# 3. Horizontal Response T_A_h (m)
# 4. Tidal Radial Response |T_B_r - static| (m)
# 5. Tidal Horizontal Response |T_B_h - static| (m)
3.162278e-04	9.070847e+05	4.442821e+05	9.433292e+05	4.543683e+05
3.176874e-04	9.078104e+05	4.444751e+05	9.440858e+05	4.545677e+05
3.191538e-04	9.085441e+05	4.446700e+05	9.448507e+05	4.547692e+05
3.206269e-04	9.092858e+05	4.448671e+05	9.456240e+05	4.549728e+05
3.221069e-04	9.100357e+05	4.450663e+05	9.464059e+05	4.551787e+05
3.235937e-04	9.107939e+05	4.452675e+05	9.471964e+05	4.553867e+05
3.250873e-04	9.115605e+05	4.454710e+05	9.479956e+05	4.555969e+05
3.265878e-04	9.123356e+05	4.456766e+05	9.488037e+05	4.558094e+05
3.280953e-04	9.131193e+05	4.458844e+05	9.496207e+05	4.560241e+05
3.296097e-04	9.139117e+05	4.460944e+05	9.504469e+05	4.562412e+05
3.311311e-04	9.147129e+05	4.463067e+05	9.512822e+05	4.564606e+05
3.326596e-04	9.155230e+05	4.465212e+05	9.521269e+05	4.566823e+05
3.341950e-04	9.163423e+05	4.467381e+05	9.529810e+05	4.569064e+05
3.357376e-04	9.171706e+05	4.469573e+05	9.538446e+05	4.571330e+05
3.372873e-04	9.180083e+05	4.471789e+05	9.547180e+05	4.573620e+05
3.388442e-04	9.188554e+05	4.474028e+05	9.556011e+05	4.575934e+05
3.404082e-04	9.197120e+05	4.476292e+05	9.564942e+05	4.578274e+05
3.419794e-04	9.205783e+05	4.478580e+05	9.573974e+05	4.580639e+05
3.435579e-04	9.214544e+05	4.480893e+05	9.583108e+05	4.583030e+05
3.451437e-04	9.223404e+05	4.483232e+05	9.592345e+05	4.585447e+05
3.467369e-04	9.232364e+05	4.485596e+05	9.601687e+05	4.587890e+05
3.483373e-04	9.241426e+05	4.487985e+05	9.611135e+05	4.590360e+05
3.499452e-04	9.250592e+05	4.490401e+05	9.620690e+05	4.592856e+05
3.515604e-04	9.259861e+05	4.492843e+05	9.630355e+05	4.595380e+05
3.531832e-04	9.269237e+05	4.495312e+05	9.640130e+05	4.597932e+05
3.548134e-04	9.278720e+05	4.497808e+05	9.650017e+05	4.600512e+05
3.564511e-04	9.288312e+05	4.500331e+05	9.660017e+05	4.603120e+05
3.580964e-04	9.298014e+05	4.502882e+05	9.670133e+05	4.605757e+05
3.597493e-04	9.307828e+05	4.505461e+05	9.680364e+05	4.608423e+05
3.614099e-04	9.317756e+05	4.508069e+05	9.690714e+05	4.611119e+05
3.630781e-04	9.327798e+05	4.510706e+05	9.701184e+05	4.613844e+05
3.647539e-04	9.337956e+05	4.513372e+05	9.711775e+05	4.616600e+05
3.664376e-04	9.348233e+05	4.516067e+05	9.722489e+05	4.619386e+05
3.681290e-04	9.358629e+05	4.518793e+05	9.733328e+05	4.622203e+05
3.698282e-04	9.369146e+05	4.521549e+05	9.744293e+05	4.625052e+05
3.715352e-04	9.379786e+05	4.524335e+05	9.755386e+05	4.627933e+05
3.732502e-04	9.390551e+05	4.527153e+05	9.766609e+05	4.630846e+05
3.749730e-04	9.401443e+05	4.530002e+05	9.777964e+05	4.633791e+05
3.767038e-04	9.412462e+05	4.532884e+05	9.789453e+05	4.636770e+05
3.784426e-04	9.423611e+05	4.535798e+05	9.801077e+05	4.639782e+05
3.801894e-04	9.434893e+05	4.538744e+05	9.812839e+05	4.642828e+05
3.819443e-04	9.446308e+05	4.541724e+05	9.824739e+05	4.645909e+05
3.837072e-04	9.457858e+05	4.544738e+05	9.836782e+05	4.649024e+05
3.854784e-04	9.469546e+05	4.547786e+05	9.848967e+05	4.652175e+05
3.872576e-04	9.481373e+05	4.550868e+05	9.861298e+05	4.655362e+05
3.890451e-04	9.493342e+05	4.553986e+05	9.873776e+05	4.658584e+05
3.908409e-04	9.505454e+05	4.557139e+05	9.886404e+05	4.661844e+05
3.926449e-04	9.517712e+05	4.560328e+05	9.899184e+05	4.665141e+05
3.944573e-04	9.530118e+05	4.563553e+05	9.912118e+05	4.668476e+05
3.962780e-04	9.542673e+05	4.566816e+05	9.925207e+05	4.671849e+05
3.981072e-04	9.555380e+05	4.570116e+05	9.938456e+05	4.675261e+05
3.999447e-04	9.568242e+05	4.573455e+05	9.951865e+05	4.678713e+05
4.017908e-04	9.581260e+05	4.576831e+05	9.965437e+05	4.682204e+05
4.036454e-04	9.594437e+05	4.580247e+05	9.979175e+05	4.685736e+05
4.055085e-04	9.607775e+05	4.583703e+05	9.993080e+05	4.689309e+05
4.073803e-04	9.621276e+05	4.587199e+05	1.000716e+06	4.692923e+05
4.092607e-04	9.634944e+05	4.590735e+05	1.002141e+06	4.696580e+05
4.111497e-04	9.648780e+05	4.594313e+05	1.003583e+06	4.700279e+05
4.130475e-04	9.662787e+05	4.597933e+05	1.005043e+06	4.704022e+05
4.149540e-04	9.676968e+05	4.601595e+05	1.006522e+06	4.707808e+05
4.168694e-04	9.691324e+05	4.605300e+05	1.008019e+06	4.711640e+05
4.187936e-04	9.705860e+05	4.609049e+05	1.009534e+06	4.715516e+05
4.207266e-04	9.720578e+05	4.612842e+05	1.011069e+06	4.719438e+05
4.226686e-04	9.735480e+05	4.616680e+05	1.012622e+06	4.723407e+05
4.246196e-04	9.750569e+05	4.620564e+05	1.014195e+06	4.727423e+05
4.265795e-04	9.765848e+05	4.624494e+05	1.015788e+06	4.731487e+05
4.285485e-04	9.781321e+05	4.628471e+05	1.017401e+06	4.735600e+05
4.305266e-04	9.796990e+05	4.632496e+05	1.019035e+06	4.739762e+05
4.325138e-04	9.812858e+05	4.636568e+05	1.020689e+06	4.743973e+05
4.345102e-04	9.828928e+05	4.640690e+05	1.022365e+06	4.748236e+05
4.365158e-04	9.845204e+05	4.644862e+05	1.024062e+06	4.752550e+05
4.385307e-04	9.861689e+05	4.649084e+05	1.025780e+06	4.756916e+05
4.405549e-04	9.878386e+05	4.653357e+05	1.027521e+06	4.761335e+05
4.425884e-04	9.895299e+05	4.657682e+05	1.029284e+06	4.765808e+05
4.446313e-04	9.912431e+05	4.662060e+05	1.031070e+06	4.770336e+05
4.466836e-04	9.929785e+05	4.666491e+05	1.032880e+06	4.774919e+05
4.487454e-04	9.947366e+05	4.670977e+05	1.034713e+06	4.779558e+05
4.508167e-04	9.965176e+05	4.675518e+05	1.036569e+06	4.784255e+05
4.528976e-04	9.983220e+05	4.680115e+05	1.038451e+06	4.789009e+05
4.549881e-04	1.000150e+06	4.684768e+05	1.040357e+06	4.793823e+05
4.570882e-04	1.002002e+06	4.689480e+05	1.042288e+06	4.798696e+05
4.591980e-04	1.003879e+06	4.694250e+05	1.044245e+06	4.803629e+05
4.613176e-04	1.005781e+06	4.699079e+05	1.046227e+06	4.808625e+05
4.634469e-04	1.007708e+06	4.703969e+05	1.048236e+06	4.813683e+05
4.655861e-04	1.009661e+06	4.708920e+05	1.050273e+06	4.818804e+05
4.677351e-04	1.011641e+06	4.713934e+05	1.052336e+06	4.823990e+05
4.698941e-04	1.013646e+06	4.719011e+05	1.054427e+06	4.829242e+05
4.720630e-04	1.015680e+06	4.724152e+05	1.056547e+06	4.834560e+05
4.742420e-04	1.017740e+06	4.729359e+05	1.058695e+06	4.839946e+05
4.764310e-04	1.019829e+06	4.734632e+05	1.060873e+06	4.845401e+05
4.786301e-04	1.021946e+06	4.739972e+05	1.063080e+06	4.850926e+05
4.808393e-04	1.024093e+06	4.745381e+05	1.065318e+06	4.856521e+05
4.830588e-04	1.026269e+06	4.750860e+05	1.067587e+06	4.862189e+05
4.852885e-04	1.028475e+06	4.756409e+05	1.069887e+06	4.867930e+05
4.875285e-04	1.030711e+06	4.762030e+05	1.072218e+06	4.873746e+05
4.897788e-04	1.032979e+06	4.767725e+05	1.074583e+06	4.879637e+05
4.920395e-04	1.035279e+06	4.773494e+05	1.076980e+06	4.885605e+05
4.943107e-04	1.037611e+06	4.779338e+05	1.079412e+06	4.891652e+05
4.965923e-04	1.039976e+06	4.785259e+05	1.081877e+06	4.897779e+05
4.988845e-04	1.042374e+06	4.791259e+05	1.084377e+06	4.903986e+05
5.011872e-04	1.044807e+06	4.797337e+05	1.086913e+06	4.910275e+05
5.035006e-04	1.047274e+06	4.803497e+05	1.089485e+06	4.916649e+05
5.058247e-04	1.049776e+06	4.809739e+05	1.092095e+06	4.923107e+05
5.081594e-04	1.052315e+06	4.816064e+05	1.094741e+06	4.929652e+05
5.105050e-04	1.054890e+06	4.822475e+05	1.097426e+06	4.936286e+05
5.128614e-04	1.057503e+06	4.828971e+05	1.100150e+06	4.943009e+05
5.152286e-04	1.060154e+06	4.835556e+05	1.102913e+06	4.949823e+05
5.176068e-04	1.062843e+06	4.842231e+05	1.105717e+06	4.956730e+05
5.199960e-04	1.065572e+06	4.848996e+05	1.108563e+06	4.963731e+05
5.223962e-04	1.068342e+06	4.855855e+05	1.111450e+06	4.970829e+05
5.248075e-04	1.071153e+06	4.862807e+05	1.114380e+06	4.978024e+05
5.272299e-04	1.074005e+06	4.869856e+05	1.117354e+06	4.985319e+05
5.296634e-04	1.076900e+06	4.877003e+05	1.120373e+06	4.992715e+05
5.321083e-04	1.079839e+06	4.884249e+05	1.123436e+06	5.000215e+05
5.345644e-04	1.082822e+06	4.891597e+05	1.126547e+06	5.007820e+05
5.370318e-04	1.085851e+06	4.899048e+05	1.129704e+06	5.015532e+05
5.395106e-04	1.088926e+06	4.906605e+05	1.132910e+06	5.023353e+05
5.420009e-04	1.092048e+06	4.914268e+05	1.136164e+06	5.031285e+05
5.445027e-04	1.095218e+06	4.922041e+05	1.139469e+06	5.039331e+05
5.470160e-04	1.098437e+06	4.929925e+05	1.142826e+06	5.047492e+05
5.495409e-04	1.101707e+06	4.937922e+05	1.146234e+06	5.055770e+05
5.520774e-04	1.105027e+06	4.946035e+05	1.149696e+06	5.064168e+05
5.546257e-04	1.108400e+06	4.954266e+05	1.153212e+06	5.072689e+05
5.571857e-04	1.111826e+06	4.962616e+05	1.156784e+06	5.081333e+05
5.597576e-04	1.115306e+06	4.971089e+05	1.160412e+06	5.090105e+05
5.623413e-04	1.118842e+06	4.979687e+05	1.164098e+06	5.099006e+05
5.649370e-04	1.122435e+06	4.988412e+05	1.167844e+06	5.108039e+05
5.675446e-04	1.126086e+06	4.997267e+05	1.171650e+06	5.117207e+05
5.701643e-04	1.129796e+06	5.006254e+05	1.175518e+06	5.126512e+05
5.727960e-04	1.133566e+06	5.015376e+05	1.179449e+06	5.135956e+05
5.754399e-04	1.137399e+06	5.024636e+05	1.183444e+06	5.145544e+05
5.780960e-04	1.141294e+06	5.034037e+05	1.187506e+06	5.155278e+05
5.807644e-04	1.145255e+06	5.043581e+05	1.191634e+06	5.165161e+05
5.834451e-04	1.149281e+06	5.053271e+05	1.195832e+06	5.175195e+05
5.861382e-04	1.153375e+06	5.063111e+05	1.200100e+06	5.185385e+05
5.888437e-04	1.157539e+06	5.073104e+05	1.204441e+06	5.195732e+05
5.915616e-04	1.161772e+06	5.083253e+05	1.208855e+06	5.206242e+05
5.942922e-04	1.166079e+06	5.093560e+05	1.213344e+06	5.216917e+05
5.970353e-04	1.170459e+06	5.104031e+05	1.217910e+06	5.227761e+05
5.997911e-04	1.174915e+06	5.114667e+05	1.222556e+06	5.238777e+05
6.025596e-04	1.179449e+06	5.125474e+05	1.227282e+06	5.249969e+05
6.053409e-04	1.184062e+06	5.136454e+05	1.232091e+06	5.261341e+05
6.081350e-04	1.188756e+06	5.147611e+05	1.236985e+06	5.272898e+05
6.109420e-04	1.193533e+06	5.158950e+05	1.241966e+06	5.284643e+05
6.137620e-04	1.198396e+06	5.170474e+05	1.247036e+06	5.296580e+05
6.165950e-04	1.203346e+06	5.182188e+05	1.252196e+06	5.308714e+05
6.194411e-04	1.208386e+06	5.194095e+05	1.257450e+06	5.321049e+05
6.223003e-04	1.213518e+06	5.206202e+05	1.262800e+06	5.333590e+05
6.251727e-04	1.218743e+06	5.218511e+05	1.268248e+06	5.346343e+05
6.280584e-04	1.224065e+06	5.231029e+05	1.273796e+06	5.359311e+05
6.309573e-04	1.229486e+06	5.243759e+05	1.279447e+06	5.372500e+05
6.338697e-04	1.235008e+06	5.256707e+05	1.285204e+06	5.385915e+05
6.367955e-04	1.240635e+06	5.269878e+05	1.291070e+06	5.399562e+05
6.397348e-04	1.246368e+06	5.283278e+05	1.297047e+06	5.413446e+05
6.426877e-04	1.252211e+06	5.296912e+05	1.303138e+06	5.427573e+05
6.456542e-04	1.258166e+06	5.310786e+05	1.309346e+06	5.441950e+05
6.486344e-04	1.264237e+06	5.324906e+05	1.315675e+06	5.456582e+05
6.516284e-04	1.270427e+06	5.339278e+05	1.322128e+06	5.471475e+05
6.546362e-04	1.276738e+06	5.353909e+05	1.328708e+06	5.486638e+05
6.576578e-04	1.283175e+06	5.368804e+05	1.335418e+06	5.502075e+05
6.606934e-04	1.289741e+06	5.383973e+05	1.342263e+06	5.517796e+05
6.637431e-04	1.296439e+06	5.399420e+05	1.349246e+06	5.533806e+05
6.668068e-04	1.303273e+06	5.415154e+05	1.356370e+06	5.550114e+05
6.698846e-04	1.310247e+06	5.431182e+05	1.363641e+06	5.566728e+05
6.729767e-04	1.317365e+06	5.447512e+05	1.371062e+06	5.583656e+05
6.760830e-04	1.324632e+06	5.464153e+05	1.378637e+06	5.600906e+05
6.792036e-04	1.332051e+06	5.481113e+05	1.386371e+06	5.618487e+05
6.823387e-04	1.339627e+06	5.498400e+05	1.394270e+06	5.636409e+05
6.854882e-04	1.347365e+06	5.516025e+05	1.402336e+06	5.654681e+05
6.886523e-04	1.355270e+06	5.533996e+05	1.410577e+06	5.673313e+05
6.918310e-04	1.363347e+06	5.552323e+05	1.418997e+06	5.692315e+05
6.950243e-04	1.371601e+06	5.571017e+05	1.427602e+06	5.711699e+05
6.982324e-04	1.380037e+06	5.590089e+05	1.436397e+06	5.731474e+05
7.014553e-04	1.388662e+06	5.609549e+05	1.445388e+06	5.751654e+05
7.046931e-04	1.397482e+06	5.629410e+05	1.454582e+06	5.772250e+05
7.079458e-04	1.406502e+06	5.649683e+05	1.463986e+06	5.793274e+05
7.112135e-04	1.415729e+06	5.670381e+05	1.473605e+06	5.814740e+05
7.144963e-04	1.425170e+06	5.691518e+05	1.483447e+06	5.836661e+05
7.177943e-04	1.434833e+06	5.713106e+05	1.493520e+06	5.859052e+05
7.211075e-04	1.444724e+06	5.735160e+05	1.503832e+06	5.881928e+05
7.244360e-04	1.454851e+06	5.757695e+05	1.514389e+06	5.905303e+05
7.277798e-04	1.465223e+06	5.780728e+05	1.525202e+06	5.929195e+05
7.311391e-04	1.475848e+06	5.804273e+05	1.536278e+06	5.953620e+05
7.345139e-04	1.486735e+06	5.828348e+05	1.547627e+06	5.978597e+05
7.379042e-04	1.497893e+06	5.852971e+05	1.559259e+06	6.004143e+05
7.413102e-04	1.509332e+06	5.878160e+05	1.571183e+06	6.030277e+05
7.447320e-04	1.521061e+06	5.903935e+05	1.583412e+06	6.057021e+05
7.481695e-04	1.533093e+06	5.930317e+05	1.595954e+06	6.084396e+05
7.516229e-04	1.545438e+06	5.957327e+05	1.608824e+06	6.112424e+05
7.550922e-04	1.558108e+06	5.984987e+05	1.622031e+06	6.141128e+05
7.585776e-04	1.571115e+06	6.013321e+05	1.635591e+06	6.170533e+05
7.620790e-04	1.584473e+06	6.042354e+05	1.649516e+06	6.200665e+05
7.655966e-04	1.598195e+06	6.072112e+05	1.663821e+06	6.231550e+05
7.691304e-04	1.612296e+06	6.102622e+05	1.678520e+06	6.263219e+05
7.726806e-04	1.626790e+06	6.133913e+05	1.693630e+06	6.295700e+05
7.762471e-04	1.641695e+06	6.166016e+05	1.709168e+06	6.329025e+05
7.798301e-04	1.657026e+06	6.198963e+05	1.725150e+06	6.363227e+05
7.834296e-04	1.672803e+06	6.232787e+05	1.741596e+06	6.398343e+05
7.870458e-04	1.689043e+06	6.267524e+05	1.758526e+06	6.434409e+05
7.906786e-04	1.705767e+06	6.303212e+05	1.775960e+06	6.471463e+05
7.943282e-04	1.722997e+06	6.339891e+05	1.793921e+06	6.509549e+05
7.979947e-04	1.740753e+06	6.377602e+05	1.812432e+06	6.548709e+05
8.016781e-04	1.759061e+06	6.416391e+05	1.831517e+06	6.588990e+05
8.053784e-04	1.777946e+06	6.456305e+05	1.851203e+06	6.630442e+05
8.090959e-04	1.797434e+06	6.497393e+05	1.871518e+06	6.673116e+05
8.128305e-04	1.817553e+06	6.539710e+05	1.892492e+06	6.717069e+05
8.165824e-04	1.838335e+06	6.583312e+05	1.914155e+06	6.762359e+05
8.203515e-04	1.859811e+06	6.628259e+05	1.936543e+06	6.809050e+05
8.241381e-04	1.882016e+06	6.674616e+05	1.959690e+06	6.857207e+05
8.279422e-04	1.904986e+06	6.722451e+05	1.983635e+06	6.906903e+05
8.317638e-04	1.928761e+06	6.771837e+05	2.008418e+06	6.958213e+05
8.356030e-04	1.953382e+06	6.822852e+05	2.034084e+06	7.011220e+05
8.394600e-04	1.978895e+06	6.875579e+05	2.060680e+06	7.066009e+05
8.433348e-04	2.005347e+06	6.930109e+05	2.088254e+06	7.122675e+05
8.472274e-04	2.032790e+06	6.986537e+05	2.116862e+06	7.181316e+05
8.511380e-04	2.061280e+06	7.044967e+05	2.146561e+06	7.242042e+05
8.550667e-04	2.090876e+06	7.105508e+05	2.177413e+06	7.304966e+05
8.590135e-04	2.121643e+06	7.168281e+05	2.209485e+06	7.370214e+05
8.629785e-04	2.153650e+06	7.233413e+05	2.242850e+06	7.437919e+05
8.669619e-04	2.186972e+06	7.301045e+05	2.277586e+06	7.508226e+05
8.709636e-04	2.221690e+06	7.371325e+05	2.313777e+06	7.581292e+05
8.749838e-04	2.257893e+06	7.444418e+05	2.351514e+06	7.657287e+05
8.790225e-04	2.295674e+06	7.520499e+05	2.390899e+06	7.736393e+05
8.830799e-04	2.335140e+06	7.599760e+05	2.432038e+06	7.818812e+05
8.871560e-04	2.376402e+06	7.682411e+05	2.475050e+06	7.904762e+05
8.912509e-04	2.419584e+06	7.768680e+05	2.520064e+06	7.994479e+05
8.953648e-04	2.464821e+06	7.858815e+05	2.567220e+06	8.088224e+05
8.994976e-04	2.512262e+06	7.953091e+05	2.616673e+06	8.186282e+05
9.036495e-04	2.562069e+06	8.051806e+05	2.668592e+06	8.288964e+05
9.078205e-04	2.614421e+06	8.155292e+05	2.723164e+06	8.396616e+05
9.120108e-04	2.669516e+06	8.263911e+05	2.780595e+06	8.509616e+05
9.162205e-04	2.727573e+06	8.378067e+05	2.841113e+06	8.628384e+05
9.204496e-04	2.788833e+06	8.498206e+05	2.904971e+06	8.753385e+05
9.246982e-04	2.853567e+06	8.624824e+05	2.972450e+06	8.885135e+05
9.289664e-04	2.922075e+06	8.758474e+05	3.043862e+06	9.024212e+05
9.332543e-04	2.994693e+06	8.899774e+05	3.119560e+06	9.171261e+05
9.375620e-04	3.071801e+06	9.049420e+05	3.199936e+06	9.327005e+05
9.418896e-04	3.153822e+06	9.208192e+05	3.285435e+06	9.492258e+05
9.462372e-04	3.241239e+06	9.376974e+05	3.376557e+06	9.667942e+05
9.506048e-04	3.334596e+06	9.556770e+05	3.473872e+06	9.855101e+05
9.549926e-04	3.434517e+06	9.748719e+05	3.578028e+06	1.005493e+06
9.594006e-04	3.541712e+06	9.954131e+05	3.689767e+06	1.026878e+06
9.638290e-04	3.657001e+06	1.017451e+06	3.809943e+06	1.049823e+06
9.682779e-04	3.781331e+06	1.041158e+06	3.939542e+06	1.074508e+06
9.727472e-04	3.915801e+06	1.066738e+06	4.079711e+06	1.101143e+06
9.772372e-04	4.061697e+06	1.094425e+06	4.231790e+06	1.129976e+06
9.817479e-04	4.220533e+06	1.124497e+06	4.397357e+06	1.161294e+06
9.862795e-04	4.394100e+06	1.157283e+06	4.578280e+06	1.195440e+06
9.908319e-04	4.584539e+06	1.193175e+06	4.776790e+06	1.232824e+06
9.954054e-04	4.794425e+06	1.232645e+06	4.995569e+06	1.273936e+06
1.000000e-03	5.026884e+06	1.276266e+06	5.237878e+06	1.319375e+06
1.004616e-03	5.285751e+06	1.324741e+06	5.507714e+06	1.369873e+06
1.009253e-03	5.575782e+06	1.378941e+06	5.810034e+06	1.426338e+06
1.013911e-03	5.902948e+06	1.439961e+06	6.151062e+06	1.489911e+06
1.018591e-03	6.274849e+06	1.509192e+06	6.538720e+06	1.562043e+06
1.023293e-03	6.701311e+06	1.588435e+06	6.983250e+06	1.644611e+06
1.028016e-03	7.195263e+06	1.680059e+06	7.498130e+06	1.740083e+06
1.032761e-03	7.774073e+06	1.787245e+06	8.101461e+06	1.851775e+06
1.037528e-03	8.461622e+06	1.914367e+06	8.818137e+06	1.984249e+06
1.042317e-03	9.291684e+06	2.067613e+06	9.683363e+06	2.143952e+06
1.047129e-03	1.031363e+07	2.256027e+06	1.074860e+07	2.340311e+06
1.051962e-03	1.160262e+07	2.493374e+06	1.209220e+07	2.587676e+06
1.056818e-03	1.327895e+07	2.801691e+06	1.383954e+07	2.909016e+06
1.061696e-03	1.554796e+07	3.218586e+06	1.620466e+07	3.343534e+06
1.066596e-03	1.879122e+07	3.813955e+06	1.958530e+07	3.964084e+06
1.071519e-03	2.380742e+07	4.734089e+06	2.481399e+07	4.923155e+06
1.076465e-03	3.259650e+07	6.345308e+06	3.397537e+07	6.602584e+06
1.081434e-03	5.197882e+07	9.896870e+06	5.417870e+07	1.030455e+07
1.086426e-03	1.301343e+08	2.421366e+07	1.356447e+08	2.522773e+07
1.091440e-03	2.506549e+08	4.553266e+07	2.612741e+08	4.747297e+07
1.096478e-03	6.338529e+07	1.122961e+07	6.607204e+07	1.171695e+07
1.101539e-03	3.612305e+07	6.234605e+06	3.765501e+07	6.510399e+06
1.106624e-03	2.518292e+07	4.229231e+06	2.625147e+07	4.420124e+06
1.111732e-03	1.928401e+07	3.147210e+06	2.010269e+07	3.292314e+06
1.116863e-03	1.559450e+07	2.469846e+06	1.625688e+07	2.586303e+06
1.122018e-03	1.306902e+07	2.005667e+06	1.362443e+07	2.102507e+06
1.127197e-03	1.123186e+07	1.667533e+06	1.170944e+07	1.750097e+06
1.132400e-03	9.835444e+06	1.410096e+06	1.025387e+07	1.481803e+06
1.137627e-03	8.738206e+06	1.207429e+06	9.110146e+06	1.270599e+06
1.142878e-03	7.853355e+06	1.043631e+06	8.187807e+06	1.099912e+06
1.148154e-03	7.124707e+06	9.084107e+05	7.428289e+06	9.590146e+05
1.153453e-03	6.514291e+06	7.948125e+05	6.792010e+06	8.406557e+05
1.158777e-03	5.995520e+06	6.979654e+05	6.251258e+06	7.397585e+05
1.164126e-03	5.549224e+06	6.143572e+05	5.786051e+06	6.526619e+05
1.169499e-03	5.161230e+06	5.413910e+05	5.381615e+06	5.766591e+05
1.174898e-03	4.820836e+06	4.771054e+05	5.026796e+06	5.097057e+05
1.180321e-03	4.519809e+06	4.199911e+05	4.713009e+06	4.502285e+05
1.185769e-03	4.251708e+06	3.688677e+05	4.433545e+06	3.969972e+05
1.191242e-03	4.011430e+06	3.227989e+05	4.183081e+06	3.490356e+05
1.196741e-03	3.794870e+06	2.810319e+05	3.957341e+06	3.055593e+05
1.202264e-03	3.598696e+06	2.429550e+05	3.752849e+06	2.659307e+05
1.207814e-03	3.420172e+06	2.080656e+05	3.566754e+06	2.296260e+05
1.213389e-03	3.257029e+06	1.759471e+05	3.396693e+06	1.962108e+05
1.218990e-03	3.107373e+06	1.462511e+05	3.240690e+06	1.653220e+05
1.224616e-03	2.969609e+06	1.186837e+05	3.097081e+06	1.366534e+05
1.230269e-03	2.842383e+06	9.299560e+04	2.964457e+06	1.099452e+05
1.235947e-03	2.724540e+06	6.897362e+04	2.841613e+06	8.497515e+04
1.241652e-03	2.615087e+06	4.643440e+04	2.727515e+06	6.155219e+04
1.247384e-03	2.513169e+06	2.521941e+04	2.621269e+06	3.951103e+04
1.253141e-03	2.418040e+06	5.192981e+03	2.522101e+06	1.870819e+04
1.258925e-03	2.329053e+06	1.377619e+04	2.429334e+06	1.008752e+03
1.264736e-03	2.245638e+06	3.178035e+04	2.342376e+06	1.967570e+04
1.270574e-03	2.167295e+06	4.891961e+04	2.260704e+06	3.746110e+04
1.276439e-03	2.093583e+06	6.527660e+04	2.183858e+06	5.442949e+04
1.282331e-03	2.024109e+06	8.092527e+04	2.111430e+06	7.065767e+04
1.288250e-03	1.958525e+06	9.593178e+04	2.043056e+06	8.621454e+04
1.294196e-03	1.896519e+06	1.103556e+05	1.978412e+06	1.011620e+05
1.300170e-03	1.837812e+06	1.242504e+05	1.917207e+06	1.155558e+05
1.306171e-03	1.782155e+06	1.376645e+05	1.859180e+06	1.294465e+05
1.312200e-03	1.729322e+06	1.506423e+05	1.804096e+06	1.428799e+05
1.318257e-03	1.679109e+06	1.632238e+05	1.751742e+06	1.558980e+05
1.324342e-03	1.631332e+06	1.754460e+05	1.701928e+06	1.685391e+05
1.330454e-03	1.585824e+06	1.873427e+05	1.654478e+06	1.808383e+05
1.336596e-03	1.542432e+06	1.989451e+05	1.609233e+06	1.928282e+05
1.342765e-03	1.501018e+06	2.102823e+05	1.566051e+06	2.045387e+05
1.348963e-03	1.461455e+06	2.213811e+05	1.524797e+06	2.159980e+05
1.355189e-03	1.423629e+06	2.322667e+05	1.485352e+06	2.272321e+05
1.361445e-03	1.387432e+06	2.429627e+05	1.447606e+06	2.382655e+05
1.367729e-03	1.352767e+06	2.534914e+05	1.411456e+06	2.491212e+05
1.374042e-03	1.319544e+06	2.638738e+05	1.376809e+06	2.598211e+05
1.380384e-03	1.287682e+06	2.741299e+05	1.343580e+06	2.703858e+05
1.386756e-03	1.257104e+06	2.842787e+05	1.311688e+06	2.808352e+05
1.393157e-03	1.227739e+06	2.943387e+05	1.281061e+06	2.911881e+05
1.399587e-03	1.199523e+06	3.043275e+05	1.251630e+06	3.014629e+05
1.406048e-03	1.172396e+06	3.142622e+05	1.223334e+06	3.116772e+05
1.412538e-03	1.146301e+06	3.241596e+05	1.196113e+06	3.218482e+05
1.419058e-03	1.121188e+06	3.340359e+05	1.169914e+06	3.319928e+05
1.425608e-03	1.097007e+06	3.439072e+05	1.144687e+06	3.421275e+05
1.432188e-03	1.073714e+06	3.537895e+05	1.120384e+06	3.522687e+05
1.438799e-03	1.051268e+06	3.636986e+05	1.096964e+06	3.624327e+05
1.445440e-03	1.029630e+06	3.736503e+05	1.074384e+06	3.726358e+05
1.452112e-03	1.008764e+06	3.836606e+05	1.052609e+06	3.828941e+05
1.458814e-03	9.886354e+05	3.937455e+05	1.031602e+06	3.932243e+05
1.465548e-03	9.692143e+05	4.039213e+05	1.011330e+06	4.036431e+05
1.472313e-03	9.504710e+05	4.142048e+05	9.917648e+05	4.141675e+05
1.479108e-03	9.323783e+05	4.246130e+05	9.728763e+05	4.248150e+05
1.485936e-03	9.149110e+05	4.351636e+05	9.546385e+05	4.356036e+05
1.492794e-03	8.980455e+05	4.458747e+05	9.370268e+05	4.465519e+05
1.499685e-03	8.817598e+05	4.567654e+05	9.200182e+05	4.576792e+05
1.506607e-03	8.660337e+05	4.678554e+05	9.035915e+05	4.690057e+05
1.513561e-03	8.508481e+05	4.791655e+05	8.877268e+05	4.805526e+05
1.520548e-03	8.361856e+05	4.907175e+05	8.724059e+05	4.923421e+05
1.527566e-03	8.220302e+05	5.025345e+05	8.576119e+05	5.043977e+05
1.534617e-03	8.083669e+05	5.146409e+05	8.433291e+05	5.167442e+05
1.541700e-03	7.951821e+05	5.270629e+05	8.295434e+05	5.294082e+05
1.548817e-03	7.824634e+05	5.398282e+05	8.162416e+05	5.424179e+05
1.555966e-03	7.701997e+05	5.529666e+05	8.034120e+05	5.558036e+05
1.563148e-03	7.583809e+05	5.665101e+05	7.910440e+05	5.695977e+05
1.570363e-03	7.469983e+05	5.804933e+05	7.791283e+05	5.838355e+05
1.577611e-03	7.360440e+05	5.949536e+05	7.676566e+05	5.985548e+05
1.584893e-03	7.255117e+05	6.099314e+05	7.566220e+05	6.137967e+05
1.592209e-03	7.153960e+05	6.254710e+05	7.460189e+05	6.296061e+05
1.599558e-03	7.056930e+05	6.416205e+05	7.358428e+05	6.460318e+05
1.606941e-03	6.963999e+05	6.584327e+05	7.260906e+05	6.631274e+05
1.614359e-03	6.875152e+05	6.759656e+05	7.167606e+05	6.809516e+05
1.621810e-03	6.790392e+05	6.942830e+05	7.078527e+05	6.995693e+05
1.629296e-03	6.709734e+05	7.134557e+05	6.993681e+05	7.190521e+05
1.636817e-03	6.633212e+05	7.335620e+05	6.913101e+05	7.394795e+05
1.644372e-03	6.560877e+05	7.546892e+05	6.836836e+05	7.609399e+05
1.651962e-03	6.492802e+05	7.769348e+05	6.764957e+05	7.835322e+05
1.659587e-03	6.429080e+05	8.004080e+05	6.697557e+05	8.073671e+05
1.667247e-03	6.369834e+05	8.252318e+05	6.634757e+05	8.325692e+05
1.674943e-03	6.315212e+05	8.515454e+05	6.576705e+05	8.592795e+05
1.682674e-03	6.265397e+05	8.795062e+05	6.523586e+05	8.876578e+05
1.690441e-03	6.220611e+05	9.092942e+05	6.475621e+05	9.178862e+05
1.698244e-03	6.181120e+05	9.411151e+05	6.433078e+05	9.501733e+05
1.706082e-03	6.147242e+05	9.752060e+05	6.396280e+05	9.847593e+05
1.713957e-03	6.119360e+05	1.011841e+06	6.365610e+05	1.021922e+06
1.721869e-03	6.097930e+05	1.051339e+06	6.341530e+05	1.061985e+06
1.729816e-03	6.083498e+05	1.094073e+06	6.324591e+05	1.105325e+06
1.737801e-03	6.076721e+05	1.140485e+06	6.315457e+05	1.152391e+06
1.745822e-03	6.078390e+05	1.191096e+06	6.314929e+05	1.203711e+06
1.753881e-03	6.089463e+05	1.246532e+06	6.323976e+05	1.259918e+06
1.761976e-03	6.111109e+05	1.307548e+06	6.343782e+05	1.321778e+06
1.770109e-03	6.144765e+05	1.375063e+06	6.375799e+05	1.390223e+06
1.778279e-03	6.192211e+05	1.450209e+06	6.421831e+05	1.466398e+06
1.786488e-03	6.255674e+05	1.534395e+06	6.484133e+05	1.551732e+06
1.794734e-03	6.337978e+05	1.629397e+06	6.565565e+05	1.648023e+06
1.803018e-03	6.442746e+05	1.737489e+06	6.669798e+05	1.757577e+06
1.811340e-03	6.574704e+05	1.861626e+06	6.801618e+05	1.883386e+06
1.819701e-03	6.740128e+05	2.005723e+06	6.967382e+05	2.029420e+06
1.828100e-03	6.947523e+05	2.175082e+06	7.175707e+05	2.201047e+06
1.836538e-03	7.208711e+05	2.377058e+06	7.438571e+05	2.405722e+06
1.845015e-03	7.540605e+05	2.622166e+06	7.773110e+05	2.654097e+06
1.853532e-03	7.968277e+05	2.925982e+06	8.204723e+05	2.961954e+06
1.862087e-03	8.530528e+05	3.312600e+06	8.772725e+05	3.353706e+06
1.870682e-03	9.290769e+05	3.821385e+06	9.541363e+05	3.869237e+06
1.879317e-03	1.036018e+06	4.521341e+06	1.062329e+06	4.578462e+06
1.887991e-03	1.195312e+06	5.545483e+06	1.223567e+06	5.616153e+06
1.896706e-03	1.454281e+06	7.187470e+06	1.485800e+06	7.279842e+06
1.905461e-03	1.942129e+06	1.024899e+07	1.979936e+06	1.038181e+07
1.914256e-03	3.181929e+06	1.797568e+07	3.235952e+06	1.821051e+07
1.923092e-03	1.239607e+07	7.518211e+07	1.257158e+07	7.617214e+07
1.931968e-03	5.196918e+06	3.394734e+07	5.253790e+06	3.439787e+07
1.940886e-03	1.949998e+06	1.376878e+07	1.964150e+06	1.395291e+07
1.949845e-03	1.122505e+06	8.602704e+06	1.125872e+06	8.718612e+06
1.958845e-03	7.463637e+05	6.237704e+06	7.449014e+05	6.322368e+06
1.967886e-03	5.326928e+05	4.881317e+06	5.285435e+05	4.948052e+06
1.976970e-03	3.957607e+05	4.001584e+06	3.899350e+05	4.056682e+06
1.986095e-03	3.011114e+05	3.384701e+06	2.941653e+05	3.431632e+06
1.995262e-03	2.322171e+05	2.928104e+06	2.244881e+05	2.968985e+06
2.004472e-03	1.801600e+05	2.576450e+06	1.718683e+05	2.612666e+06
2.013724e-03	1.397051e+05	2.297245e+06	1.310016e+05	2.329753e+06
2.023019e-03	1.075772e+05	2.070155e+06	9.856971e+04	2.099644e+06
2.032357e-03	8.162250e+04	1.881808e+06	7.239036e+04	1.908789e+06
2.041738e-03	6.036653e+04	1.723044e+06	5.096978e+04	1.747909e+06
2.051162e-03	4.276623e+04	1.587382e+06	3.325113e+04	1.610435e+06
2.060630e-03	2.806293e+04	1.470105e+06	1.846580e+04	1.491589e+06
2.070141e-03	1.569180e+04	1.367698e+06	6.041780e+03	1.387811e+06
2.079697e-03	5.224072e+03	1.277490e+06	4.458182e+03	1.296392e+06
2.089296e-03	3.675831e+03	1.197413e+06	1.336604e+04	1.215239e+06
2.098940e-03	1.126187e+04	1.125842e+06	2.094850e+04	1.142704e+06
2.108628e-03	1.774573e+04	1.061480e+06	2.741526e+04	1.077474e+06
2.118361e-03	2.329384e+04	1.003285e+06	3.293555e+04	1.018492e+06
2.128139e-03	2.804222e+04	9.504029e+05	3.764723e+04	9.648939e+05
2.137962e-03	3.210281e+04	9.021325e+05	4.166369e+04	9.159685e+05
2.147830e-03	3.556845e+04	8.578902e+05	4.507898e+04	8.711247e+05
2.157744e-03	3.851684e+04	8.171870e+05	4.797179e+04	8.298671e+05
2.167704e-03	4.101343e+04	7.796100e+05	5.040840e+04	7.917772e+05
2.177710e-03	4.311372e+04	7.448083e+05	5.244502e+04	7.564995e+05
2.187762e-03	4.486511e+04	7.124814e+05	5.412965e+04	7.237295e+05
2.197860e-03	4.630825e+04	6.823707e+05	5.550345e+04	6.932053e+05
2.208005e-03	4.747825e+04	6.542527e+05	5.660196e+04	6.647003e+05
2.218196e-03	4.840553e+04	6.279325e+05	5.745598e+04	6.380171e+05
2.228435e-03	4.911660e+04	6.032402e+05	5.809235e+04	6.129836e+05
2.238721e-03	4.963464e+04	5.800265e+05	5.853452e+04	5.894483e+05
2.249055e-03	4.998001e+04	5.581596e+05	5.880312e+04	5.672780e+05
2.259436e-03	5.017068e+04	5.375232e+05	5.891630e+04	5.463546e+05
2.269865e-03	5.022251e+04	5.180137e+05	5.889013e+04	5.265732e+05
2.280342e-03	5.014961e+04	4.995389e+05	5.873888e+04	5.078405e+05
2.290868e-03	4.996453e+04	4.820164e+05	5.847524e+04	4.900728e+05
2.301442e-03	4.967848e+04	4.653722e+05	5.811057e+04	4.731952e+05
2.312065e-03	4.930152e+04	4.495397e+05	5.765501e+04	4.571402e+05
2.322737e-03	4.884267e+04	4.344588e+05	5.711770e+04	4.418470e+05
2.333458e-03	4.831006e+04	4.200752e+05	5.650686e+04	4.272604e+05
2.344229e-03	4.771104e+04	4.063395e+05	5.582992e+04	4.133307e+05
2.355049e-03	4.705227e+04	3.932071e+05	5.509360e+04	4.000122e+05
2.365920e-03	4.633980e+04	3.806370e+05	5.430403e+04	3.872637e+05
2.376840e-03	4.557914e+04	3.685919e+05	5.346676e+04	3.750473e+05
2.387811e-03	4.477532e+04	3.570375e+05	5.258688e+04	3.633284e+05
2.398833e-03	4.393296e+04	3.459427e+05	5.166906e+04	3.520752e+05
2.409905e-03	4.305630e+04	3.352785e+05	5.071758e+04	3.412585e+05
2.421029e-03	4.214926e+04	3.250183e+05	4.973640e+04	3.308513e+05
2.432204e-03	4.121546e+04	3.151377e+05	4.872916e+04	3.208289e+05
2.443431e-03	4.025826e+04	3.056139e+05	4.769928e+04	3.111682e+05
2.454709e-03	3.928081e+04	2.964259e+05	4.664993e+04	3.018478e+05
2.466039e-03	3.828606e+04	2.875542e+05	4.558408e+04	2.928481e+05
2.477422e-03	3.727679e+04	2.789806e+05	4.450454e+04	2.841506e+05
2.488857e-03	3.625562e+04	2.706881e+05	4.341397e+04	2.757381e+05
2.500345e-03	3.522507e+04	2.626610e+05	4.231490e+04	2.675946e+05
2.511886e-03	3.418755e+04	2.548844e+05	4.120976e+04	2.597050e+05
2.523481e-03	3.314539e+04	2.473444e+05	4.010092e+04	2.520553e+05
2.535129e-03	3.210086e+04	2.400280e+05	3.899065e+04	2.446322e+05
2.546830e-03	3.105617e+04	2.329227e+05	3.788122e+04	2.374233e+05
2.558586e-03	3.001356e+04	2.260170e+05	3.677485e+04	2.304166e+05
2.570396e-03	2.897521e+04	2.192998e+05	3.567379e+04	2.236011e+05
2.582260e-03	2.794337e+04	2.127607e+05	3.458029e+04	2.169660e+05
2.594179e-03	2.692031e+04	2.063896e+05	3.349666e+04	2.105014e+05
2.606154e-03	2.590836e+04	2.001770e+05	3.242526e+04	2.041974e+05
2.618183e-03	2.490997e+04	1.941137e+05	3.136856e+04	1.980448e+05
2.630268e-03	2.392770e+04	1.881910e+05	3.032916e+04	1.920346e+05
2.642409e-03	2.296423e+04	1.824001e+05	2.930981e+04	1.861582e+05
2.654606e-03	2.202249e+04	1.767329e+05	2.831344e+04	1.804071e+05
2.666859e-03	2.110558e+04	1.711810e+05	2.734322e+04	1.747730e+05
2.679168e-03	2.021692e+04	1.657366e+05	2.640262e+04	1.692477e+05
2.691535e-03	1.936022e+04	1.603917e+05	2.549542e+04	1.638233e+05
2.703958e-03	1.853961e+04	1.551382e+05	2.462581e+04	1.584916e+05
2.716439e-03	1.775967e+04	1.499682e+05	2.379846e+04	1.532445e+05
2.728978e-03	1.702555e+04	1.448736e+05	2.301858e+04	1.480736e+05
2.741574e-03	1.634304e+04	1.398459e+05	2.229208e+04	1.429707e+05
2.754229e-03	1.571873e+04	1.348765e+05	2.162566e+04	1.379267e+05
2.766942e-03	1.516014e+04	1.299563e+05	2.102698e+04	1.329325e+05
2.779713e-03	1.467594e+04	1.250757e+05	2.050486e+04	1.279783e+05
2.792544e-03	1.427616e+04	1.202242e+05	2.006951e+04	1.230535e+05
2.805434e-03	1.397249e+04	1.153905e+05	1.973282e+04	1.181466e+05
2.818383e-03	1.377865e+04	1.105623e+05	1.950876e+04	1.132449e+05
2.831392e-03	1.371084e+04	1.057254e+05	1.941383e+04	1.083343e+05
2.844461e-03	1.378840e+04	1.008642e+05	1.946771e+04	1.033987e+05
2.857591e-03	1.403450e+04	9.596033e+04	1.969399e+04	9.841957e+04
2.870781e-03	1.447722e+04	9.099270e+04	2.012126e+04	9.337531e+04
2.884032e-03	1.515090e+04	8.593615e+04	2.078447e+04	8.824039e+04
2.897344e-03	1.609795e+04	8.076046e+04	2.172680e+04	8.298408e+04
2.910717e-03	1.737136e+04	7.542878e+04	2.300218e+04	7.756886e+04
2.924152e-03	1.903819e+04	6.989529e+04	2.467887e+04	7.194812e+04
2.937650e-03	2.118452e+04	6.410212e+04	2.684453e+04	6.606297e+04
2.951209e-03	2.392269e+04	5.797474e+04	2.961348e+04	5.983756e+04
2.964831e-03	2.740202e+04	5.141504e+04	3.313771e+04	5.317206e+04
2.978516e-03	3.182527e+04	4.429093e+04	3.762363e+04	4.593202e+04
2.992265e-03	3.747482e+04	3.641961e+04	4.335863e+04	3.793140e+04
3.006076e-03	4.475570e+04	2.754013e+04	5.075501e+04	2.890463e+04
3.019952e-03	5.427015e+04	1.726605e+04	6.042573e+04	1.845841e+04
3.033891e-03	6.695369e+04	4.999750e+03	7.332299e+04	5.984451e+03
3.047895e-03	8.434224e+04	1.024688e+04	9.101010e+04	9.523582e+03
3.061963e-03	1.091447e+05	3.019282e+04	1.162442e+05	2.981365e+04
3.076097e-03	1.466254e+05	5.819948e+04	1.543834e+05	5.830827e+04
3.090295e-03	2.085442e+05	1.017606e+05	2.173970e+05	1.026344e+05
3.104560e-03	3.276352e+05	1.817314e+05	3.386020e+05	1.840185e+05
3.118890e-03	6.419704e+05	3.860685e+05	6.585291e+05	3.919836e+05
3.133286e-03	3.559261e+06	2.248526e+06	3.627760e+06	2.287598e+06
3.147748e-03	1.239385e+06	8.041729e+05	1.256335e+06	8.194754e+05
3.162278e-03	5.781410e+05	3.788525e+05	5.833177e+05	3.865919e+05
3.176874e-03	3.984119e+05	2.602527e+05	4.003883e+05	2.658911e+05
3.191538e-03	3.157675e+05	2.034850e+05	3.162710e+05	2.081237e+05
3.206269e-03	2.690239e+05	1.695709e+05	2.686923e+05	1.736169e+05
3.221069e-03	2.395105e+05	1.466127e+05	2.386490e+05	1.502614e+05
3.235937e-03	2.196121e+05	1.297552e+05	2.183904e+05	1.331151e+05
3.250873e-03	2.056431e+05	1.166457e+05	2.041651e+05	1.197839e+05
3.265878e-03	1.956041e+05	1.060056e+05	1.939380e+05	1.089662e+05
3.280953e-03	1.883181e+05	9.707993e+04	1.865110e+05	9.989356e+04
3.296097e-03	1.830486e+05	8.939370e+04	1.811344e+05	9.208266e+04
3.311311e-03	1.793123e+05	8.263305e+04	1.773163e+05	8.521404e+04
3.326596e-03	1.767805e+05	7.658201e+04	1.747218e+05	7.906789e+04
3.341950e-03	1.752229e+05	7.108689e+04	1.731167e+05	7.348780e+04
3.357376e-03	1.744750e+05	6.603520e+04	1.723331e+05	6.835929e+04
3.372873e-03	1.744172e+05	6.134253e+04	1.722493e+05	6.359647e+04
3.388442e-03	1.749621e+05	5.694416e+04	1.727760e+05	5.913349e+04
3.404082e-03	1.760458e+05	5.278951e+04	1.738481e+05	5.491891e+04
3.419794e-03	1.776222e+05	4.883835e+04	1.754184e+05	5.091176e+04
3.435579e-03	1.796588e+05	4.505812e+04	1.774535e+05	4.707897e+04
3.451437e-03	1.821343e+05	4.142210e+04	1.799317e+05	4.339335e+04
3.467369e-03	1.850370e+05	3.790804e+04	1.828404e+05	3.983227e+04
3.483373e-03	1.883628e+05	3.449711e+04	1.861754e+05	3.637661e+04
3.499452e-03	1.921152e+05	3.117319e+04	1.899396e+05	3.301000e+04
3.515604e-03	1.963045e+05	2.792228e+04	1.941431e+05	2.971821e+04
3.531832e-03	2.009478e+05	2.473204e+04	1.988029e+05	2.648872e+04
3.548134e-03	2.060693e+05	2.159147e+04	2.039429e+05	2.331037e+04
3.564511e-03	2.117008e+05	1.849059e+04	2.095948e+05	2.017304e+04
3.580964e-03	2.178824e+05	1.542026e+04	2.157986e+05	1.706750e+04
3.597493e-03	2.246636e+05	1.237201e+04	2.226037e+05	1.398513e+04
3.614099e-03	2.321051e+05	9.337827e+03	2.300708e+05	1.091786e+04
3.630781e-03	2.402806e+05	6.310121e+03	2.382736e+05	7.858016e+03
3.647539e-03	2.492797e+05	3.281603e+03	2.473019e+05	4.798226e+03
3.664376e-03	2.592119e+05	2.467470e+02	2.572650e+05	1.731580e+03
3.681290e-03	2.702110e+05	2.806654e+03	2.682969e+05	1.350954e+03
3.698282e-03	2.824417e+05	5.879650e+03	2.805627e+05	4.452557e+03
3.715352e-03	2.961092e+05	8.980960e+03	2.942676e+05	7.582215e+03
3.732502e-03	3.114710e+05	1.211689e+04	3.096695e+05	1.074594e+04
3.749730e-03	3.288549e+05	1.529340e+04	3.270966e+05	1.394970e+04
3.767038e-03	3.486836e+05	1.851576e+04	3.469722e+05	1.719879e+04
3.784426e-03	3.715125e+05	2.178809e+04	3.698524e+05	2.049737e+04
3.801894e-03	3.980847e+05	2.511256e+04	3.964815e+05	2.384761e+04
3.819443e-03	4.294190e+05	2.848798e+04	4.278796e+05	2.724836e+04
3.837072e-03	4.669500e+05	3.190742e+04	4.654833e+05	3.069269e+04
3.854784e-03	5.127653e+05	3.535394e+04	5.113833e+05	3.416364e+04
3.872576e-03	5.700268e+05	3.879270e+04	5.687458e+05	3.762634e+04
3.890451e-03	6.437660e+05	4.215553e+04	6.426098e+05	4.101253e+04
3.908409e-03	7.425120e+05	4.530863e+04	7.415165e+05	4.418822e+04
3.926449e-03	8.819813e+05	4.797801e+04	8.812049e+05	4.687904e+04
3.944573e-03	1.094695e+06	4.955308e+04	1.094243e+06	4.847351e+04
3.962780e-03	1.460699e+06	4.845500e+04	1.460791e+06	4.739049e+04
3.981072e-03	2.244582e+06	3.931049e+04	2.245819e+06	3.824899e+04
3.999447e-03	5.152496e+06	1.308854e+04	5.157930e+06	1.420181e+04
4.017908e-03	1.374081e+07	3.858739e+05	1.376250e+07	3.853414e+05
4.036454e-03	2.785340e+06	1.692290e+05	2.791277e+06	1.683997e+05
4.055085e-03	1.490382e+06	1.534078e+05	1.494441e+06	1.525698e+05
4.073803e-03	9.823510e+05	1.554701e+05	9.856628e+05	1.546484e+05
4.092607e-03	7.066294e+05	1.644192e+05	7.095285e+05	1.636230e+05
4.111497e-03	5.294359e+05	1.781440e+05	5.320644e+05	1.773792e+05
4.130475e-03	4.018275e+05	1.965876e+05	4.042575e+05	1.958598e+05
4.149540e-03	3.010046e+05	2.207329e+05	3.032757e+05	2.200488e+05
4.168694e-03	2.139686e+05	2.526408e+05	2.161020e+05	2.520096e+05
4.187936e-03	1.312582e+05	2.960981e+05	1.332625e+05	2.955335e+05
4.207266e-03	4.321338e+04	3.583225e+05	4.508428e+04	3.578468e+05
4.226686e-03	6.486746e+04	4.545883e+05	6.315288e+04	4.542419e+05
4.246196e-03	2.252113e+05	6.234442e+05	2.237128e+05	6.233140e+05
4.265795e-03	5.444946e+05	9.978045e+05	5.434021e+05	9.981362e+05
4.285485e-03	1.792617e+06	2.547053e+06	1.793043e+06	2.549254e+06
4.305266e-03	3.700923e+06	4.398603e+06	3.707055e+06	4.404707e+06
4.325138e-03	1.119604e+06	1.162701e+06	1.122623e+06	1.164917e+06
4.345102e-03	7.103160e+05	6.626225e+05	7.128243e+05	6.642262e+05
4.365158e-03	5.377208e+05	4.590527e+05	5.400020e+05	4.603999e+05
4.385307e-03	4.398912e+05	3.481577e+05	4.420352e+05	3.493596e+05
4.405549e-03	3.755149e+05	2.780893e+05	3.775622e+05	2.791949e+05
4.425884e-03	3.291647e+05	2.295849e+05	3.311371e+05	2.306203e+05
4.446313e-03	2.937394e+05	1.938442e+05	2.956504e+05	1.948247e+05
4.466836e-03	2.654971e+05	1.662741e+05	2.673555e+05	1.672098e+05
4.487454e-03	2.422683e+05	1.442429e+05	2.440805e+05	1.451406e+05
4.508167e-03	2.227022e+05	1.261334e+05	2.244726e+05	1.269978e+05
4.528976e-03	2.059094e+05	1.108961e+05	2.076417e+05	1.117310e+05
4.549881e-03	1.912779e+05	9.782004e+04	1.929749e+05	9.862810e+04
4.570882e-03	1.783713e+05	8.640531e+04	1.800353e+05	8.718871e+04
4.591980e-03	1.668684e+05	7.628967e+04	1.685012e+05	7.705012e+04
4.613176e-03	1.565273e+05	6.720334e+04	1.581305e+05	6.794223e+04
4.634469e-03	1.471613e+05	5.894054e+04	1.487362e+05	5.965902e+04
4.655861e-03	1.386241e+05	5.134070e+04	1.401720e+05	5.203971e+04
4.677351e-03	1.307991e+05	4.427578e+04	1.323209e+05	4.495613e+04
4.698941e-03	1.235919e+05	3.764149e+04	1.250885e+05	3.830384e+04
4.720630e-03	1.169255e+05	3.135095e+04	1.183977e+05	3.199587e+04
4.742420e-03	1.107362e+05	2.533006e+04	1.121849e+05	2.595803e+04
4.764310e-03	1.049713e+05	1.951399e+04	1.063969e+05	2.012541e+04
4.786301e-03	9.958628e+04	1.384441e+04	1.009895e+05	1.443960e+04
4.808393e-03	9.454405e+04	8.267190e+03	9.592543e+04	8.846440e+03
4.830588e-03	8.981330e+04	2.730669e+03	9.117334e+04	3.294223e+03
4.852885e-03	8.536777e+04	2.818704e+03	8.670693e+04	2.271432e+03
4.875285e-03	8.118559e+04	8.430851e+03	8.250430e+04	7.898720e+03
4.897788e-03	7.724882e+04	1.416438e+04	7.854750e+04	1.364771e+04
4.920395e-03	7.354320e+04	2.008164e+04	7.482224e+04	1.958050e+04
4.943107e-03	7.005804e+04	2.625401e+04	7.131781e+04	2.576854e+04
4.965923e-03	6.678629e+04	3.276544e+04	6.802714e+04	3.229586e+04
4.988845e-03	6.372487e+04	3.971754e+04	6.494716e+04	3.926416e+04
5.011872e-03	6.087528e+04	4.723654e+04	6.207935e+04	4.679981e+04
5.035006e-03	5.824462e+04	5.548356e+04	5.943082e+04	5.506411e+04
5.058247e-03	5.584730e+04	6.466973e+04	5.701598e+04	6.426838e+04
5.081594e-03	5.370774e+04	7.507955e+04	5.485928e+04	7.469742e+04
5.105050e-03	5.186485e+04	8.710816e+04	5.299966e+04	8.674678e+04
5.128614e-03	5.037958e+04	1.013236e+05	5.149811e+04	1.009850e+05
5.152286e-03	4.934824e+04	1.185756e+05	5.045104e+04	1.182629e+05
5.176068e-03	4.892738e+04	1.401984e+05	5.001516e+04	1.399158e+05
5.199960e-03	4.938388e+04	1.684170e+05	5.045762e+04	1.681710e+05
5.223962e-03	5.120551e+04	2.072447e+05	5.226665e+04	2.070460e+05
5.248075e-03	5.537891e+04	2.647375e+05	5.642989e+04	2.646048e+05
5.272299e-03	6.423014e+04	3.598109e+05	6.527573e+04	3.597820e+05
5.296634e-03	8.483046e+04	5.498571e+05	8.588255e+04	5.500276e+05
5.321083e-03	1.535556e+05	1.129895e+06	1.546627e+05	1.130658e+06
5.345644e-03	3.773992e+06	3.069087e+07	3.776897e+06	3.072216e+07
5.370318e-03	1.227991e+05	1.066045e+06	1.219985e+05	1.067480e+06
5.395106e-03	6.096243e+04	5.423112e+05	6.011363e+04	5.432110e+05
5.420009e-03	4.156387e+04	3.627387e+05	4.070961e+04	3.634500e+05
5.445027e-03	3.304761e+04	2.713968e+05	3.219885e+04	2.720087e+05
5.470160e-03	2.893598e+04	2.157038e+05	2.809715e+04	2.162522e+05
5.495409e-03	2.704985e+04	1.779309e+05	2.622321e+04	1.784340e+05
5.520774e-03	2.645349e+04	1.504285e+05	2.564039e+04	1.508966e+05
5.546257e-03	2.668112e+04	1.293528e+05	2.588242e+04	1.297925e+05
5.571857e-03	2.747716e+04	1.125596e+05	2.669351e+04	1.129753e+05
5.597576e-03	2.869195e+04	9.875710e+04	2.792386e+04	9.915187e+04
5.623413e-03	3.023426e+04	8.711904e+04	2.948216e+04	8.749508e+04
5.649370e-03	3.204752e+04	7.709114e+04	3.131183e+04	7.745011e+04
5.675446e-03	3.409724e+04	6.828623e+04	3.337835e+04	6.862939e+04
5.701643e-03	3.636380e+04	6.042418e+04	3.566214e+04	6.075250e+04
5.727960e-03	3.883846e+04	5.329571e+04	3.815447e+04	5.360996e+04
5.754399e-03	4.152091e+04	4.673951e+04	4.085509e+04	4.704026e+04
5.780960e-03	4.441808e+04	4.062724e+04	4.377097e+04	4.091494e+04
5.807644e-03	4.754356e+04	3.485323e+04	4.691580e+04	3.512820e+04
5.834451e-03	5.091769e+04	2.932704e+04	5.030999e+04	2.958951e+04
5.861382e-03	5.456810e+04	2.396783e+04	5.398130e+04	2.421791e+04
5.888437e-03	5.853078e+04	1.869960e+04	5.796585e+04	1.893730e+04
5.915616e-03	6.285178e+04	1.344681e+04	6.230989e+04	1.367206e+04
5.942922e-03	6.758972e+04	8.129910e+03	6.707223e+04	8.342505e+03
5.970353e-03	7.281930e+04	2.660176e+03	7.232786e+04	2.859871e+03
5.997911e-03	7.863647e+04	3.069947e+03	7.817309e+04	2.884323e+03
6.025596e-03	8.516587e+04	9.188930e+03	8.473299e+04	9.017395e+03
6.053409e-03	9.257179e+04	1.587219e+04	9.217245e+04	1.571597e+04
6.081350e-03	1.010749e+05	2.335904e+04	1.007130e+05	2.321964e+04
6.109420e-03	1.109786e+05	3.199712e+04	1.106590e+05	3.187665e+04
6.137620e-03	1.227111e+05	4.231858e+04	1.224402e+05	4.222012e+04
6.165950e-03	1.368979e+05	5.518934e+04	1.366844e+05	5.511759e+04
6.194411e-03	1.544914e+05	7.212832e+04	1.543475e+05	7.209080e+04
6.223003e-03	1.770222e+05	9.607415e+04	1.769651e+05	9.608392e+04
6.251727e-03	2.071358e+05	1.335510e+05	2.071922e+05	1.336334e+05
6.280584e-03	2.499423e+05	2.024870e+05	2.501558e+05	2.027019e+05
6.309573e-03	3.176748e+05	3.758995e+05	3.181276e+05	3.764473e+05
6.338697e-03	4.828473e+05	1.659632e+06	4.837968e+05	1.662663e+06
6.367955e-03	5.508592e+05	8.264107e+05	5.522908e+05	8.282256e+05
6.397348e-03	1.192426e+06	4.044518e+05	1.196186e+06	4.055188e+05
6.426877e-03	1.722446e+07	9.924659e+05	1.728859e+07	9.963358e+05
6.456542e-03	1.039285e+06	7.362165e+04	1.043758e+06	7.376963e+04
6.486344e-03	5.278543e+05	7.597128e+04	5.304400e+05	7.618218e+04
6.516284e-03	3.489751e+05	6.624339e+04	3.508987e+05	6.645372e+04
6.546362e-03	2.573028e+05	5.648662e+04	2.588853e+05	5.668588e+04
6.576578e-03	2.012141e+05	4.791085e+04	2.025865e+05	4.809709e+04
6.606934e-03	1.631100e+05	4.045561e+04	1.643386e+05	4.062893e+04
6.637431e-03	1.353432e+05	3.389516e+04	1.364662e+05	3.405609e+04
6.668068e-03	1.140509e+05	2.801939e+04	1.150922e+05	2.816856e+04
6.698846e-03	9.706847e+04	2.265857e+04	9.804413e+04	2.279653e+04
6.729767e-03	8.308536e+04	1.767838e+04	8.400665e+04	1.780558e+04
6.760830e-03	7.125872e+04	1.297078e+04	7.213383e+04	1.308759e+04
6.792036e-03	6.101838e+04	8.445912e+03	6.185345e+04	8.552579e+03
6.823387e-03	5.196105e+04	4.025528e+03	5.276076e+04	4.122264e+03
6.854882e-03	4.378899e+04	3.658538e+02	4.455700e+04	2.819543e+02
6.886523e-03	3.627243e+04	4.789624e+03	3.701161e+04	4.712997e+03
6.918310e-03	2.922499e+04	9.327892e+03	2.993760e+04	9.261277e+03
6.950243e-03	2.248626e+04	1.406002e+04	2.317408e+04	1.400370e+04
6.982324e-03	1.590815e+04	1.908245e+04	1.657254e+04	1.903679e+04
7.014553e-03	9.342342e+03	2.451502e+04	9.984311e+03	2.448058e+04
7.046931e-03	2.627001e+03	3.051399e+04	3.247217e+03	3.049153e+04
7.079458e-03	4.435311e+03	3.729245e+04	3.837238e+03	3.728304e+04
7.112135e-03	1.209361e+04	4.515448e+04	1.151699e+04	4.515961e+04
7.144963e-03	2.070841e+04	5.455533e+04	2.015427e+04	5.457715e+04
7.177943e-03	3.082654e+04	6.621512e+04	3.029649e+04	6.625680e+04
7.211075e-03	4.335467e+04	8.135146e+04	4.285164e+04	8.141789e+04
7.244360e-03	5.994547e+04	1.022076e+05	5.947478e+04	1.023068e+05
7.277798e-03	8.400571e+04	1.334322e+05	8.357754e+04	1.335789e+05
7.311391e-03	1.239273e+05	1.865037e+05	1.235637e+05	1.867289e+05
7.345139e-03	2.075931e+05	2.995955e+05	2.073559e+05	2.999843e+05
7.379042e-03	5.178935e+05	7.231610e+05	5.181038e+05	7.241536e+05
7.413102e-03	1.365380e+06	1.857233e+06	1.367834e+06	1.859898e+06
7.447320e-03	3.056350e+05	4.071255e+05	3.065796e+05	4.077299e+05
7.481695e-03	1.733759e+05	2.271119e+05	1.741266e+05	2.274580e+05
7.516229e-03	1.206699e+05	1.559634e+05	1.213399e+05	1.562055e+05
7.550922e-03	9.180359e+04	1.173837e+05	9.242716e+04	1.175682e+05
7.585776e-03	7.325914e+04	9.286096e+04	7.385119e+04	9.300770e+04
7.620790e-03	6.012531e+04	7.566821e+04	6.069387e+04	7.578763e+04
7.655966e-03	5.018789e+04	6.277029e+04	5.073786e+04	6.286850e+04
7.691304e-03	4.230191e+04	5.259414e+04	4.283657e+04	5.267499e+04
7.726806e-03	3.581623e+04	4.424040e+04	3.633798e+04	4.430648e+04
7.762471e-03	3.033423e+04	3.715499e+04	3.084493e+04	3.720809e+04
7.798301e-03	2.560201e+04	3.097502e+04	2.610320e+04	3.101640e+04
7.834296e-03	2.145156e+04	2.544965e+04	2.194459e+04	2.548020e+04
7.870458e-03	1.777022e+04	2.039626e+04	1.825633e+04	2.041659e+04
7.906786e-03	1.448371e+04	1.567435e+04	1.496413e+04	1.568485e+04
7.943282e-03	1.154711e+04	1.116877e+04	1.202310e+04	1.116963e+04
7.979947e-03	8.941003e+03	6.777726e+03	9.413947e+03	6.768949e+03
8.016781e-03	6.672028e+03	2.402984e+03	7.143482e+03	2.384455e+03
8.053784e-03	4.778304e+03	2.062230e+03	5.250134e+03	2.091548e+03
8.090959e-03	3.342104e+03	6.740233e+03	3.816642e+03	6.780570e+03
8.128305e-03	2.515306e+03	1.179729e+04	2.995610e+03	1.185006e+04
8.165824e-03	2.570624e+03	1.747249e+04	3.060934e+03	1.753974e+04
8.203515e-03	4.010460e+03	2.415039e+04	4.517109e+03	2.423541e+04
8.241381e-03	7.821430e+03	3.252036e+04	8.354641e+03	3.262875e+04
8.279422e-03	1.615887e+04	4.399868e+04	1.673695e+04	4.414094e+04
8.317638e-03	3.461911e+04	6.211696e+04	3.528084e+04	6.231591e+04
8.356030e-03	8.302761e+04	9.908301e+04	8.388299e+04	9.940465e+04
8.394600e-03	3.129877e+05	2.471360e+05	3.146866e+05	2.479740e+05
8.433348e-03	6.693119e+05	3.392718e+05	6.710721e+05	3.405309e+05
8.472274e-03	2.569983e+05	7.750987e+04	2.572517e+05	7.785282e+04
8.511380e-03	2.015768e+05	2.981736e+04	2.015798e+05	3.000907e+04
8.550667e-03	1.914501e+05	5.755698e+03	1.913453e+05	5.885955e+03
8.590135e-03	2.012028e+05	1.249198e+04	2.010310e+05	1.239398e+04
8.629785e-03	2.288870e+05	3.091271e+04	2.286593e+05	3.083110e+04
8.669619e-03	2.844062e+05	5.497911e+04	2.841142e+05	5.490150e+04
8.709636e-03	4.058562e+05	9.734815e+04	4.054566e+05	9.725556e+04
8.749838e-03	8.093928e+05	2.239779e+05	8.086724e+05	2.238020e+05
8.790225e-03	5.888775e+06	1.797260e+06	5.884315e+06	1.795859e+06
8.830799e-03	5.648261e+05	1.841214e+05	5.644902e+05	1.839577e+05
8.871560e-03	2.766667e+05	9.383148e+04	2.765547e+05	9.372752e+04
8.912509e-03	1.729321e+05	5.950487e+04	1.728998e+05	5.941816e+04
8.953648e-03	1.188269e+05	4.029932e+04	1.188347e+05	4.021872e+04
8.994976e-03	8.499157e+04	2.726341e+04	8.502283e+04	2.718454e+04
9.036495e-03	6.125409e+04	1.725099e+04	6.130017e+04	1.717177e+04
9.078205e-03	4.312450e+04	8.830244e+03	4.318029e+04	8.749575e+03
9.120108e-03	2.827072e+04	1.211794e+03	2.833294e+04	1.129726e+03
9.162205e-03	1.530491e+04	6.140327e+03	1.537132e+04	6.225818e+03
9.204496e-03	3.274522e+03	1.365462e+04	3.343783e+03	1.374280e+04
9.246982e-03	8.611949e+03	2.178903e+04	8.541955e+03	2.188008e+04
9.289664e-03	2.114872e+04	3.112592e+04	2.107821e+04	3.121996e+04
9.332543e-03	3.537846e+04	4.255087e+04	3.530826e+04	4.264795e+04
9.375620e-03	5.295966e+04	5.761812e+04	5.289036e+04	5.771830e+04
9.418896e-03	7.710693e+04	7.948415e+04	7.703904e+04	7.958746e+04
9.462372e-03	1.155314e+05	1.158842e+05	1.154653e+05	1.159907e+05
9.506048e-03	1.935754e+05	1.924752e+05	1.935117e+05	1.925850e+05
9.549926e-03	4.766004e+05	4.772687e+05	4.765400e+05	4.773824e+05
9.594006e-03	1.233330e+06	1.264847e+06	1.233393e+06	1.264736e+06
9.638290e-03	2.635164e+05	2.828027e+05	2.635735e+05	2.826851e+05
9.682779e-03	1.392889e+05	1.616960e+05	1.393425e+05	1.615750e+05
9.727472e-03	8.583505e+04	1.144918e+05	8.588492e+04	1.143676e+05
9.772372e-03	5.119822e+04	9.005962e+04	5.124399e+04	8.993239e+04
9.817479e-03	1.978706e+04	7.683706e+04	1.982799e+04	7.670699e+04
9.862795e-03	2.439500e+04	7.352034e+04	2.436180e+04	7.338799e+04
9.908319e-03	1.702902e+05	1.025334e+05	1.702769e+05	1.024022e+05
9.954054e-03	3.861245e+05	6.392940e+04	3.862030e+05	6.408278e+04
1.000000e-02	1.324263e+05	7.035102e+02	1.324710e+05	8.483989e+02
1.004616e-02	8.667689e+04	4.995371e+03	8.671294e+04	4.844007e+03
1.009253e-02	6.538227e+04	4.477395e+03	6.541241e+04	4.322735e+03
1.013911e-02	5.208066e+04	2.141244e+03	5.210569e+04	1.982849e+03
1.018591e-02	4.243817e+04	1.001365e+03	4.245834e+04	1.164348e+03
1.023293e-02	3.477314e+04	4.666748e+03	3.478846e+04	4.834353e+03
1.028016e-02	2.826293e+04	8.829075e+03	2.827329e+04	9.001982e+03
1.032761e-02	2.242304e+04	1.360074e+04	2.242821e+04	1.377977e+04
1.037528e-02	1.690533e+04	1.923039e+04	1.690492e+04	1.941671e+04
1.042317e-02	1.138803e+04	2.617108e+04	1.138145e+04	2.636644e+04
1.047129e-02	5.470003e+03	3.526889e+04	5.456308e+03	3.547614e+04
1.051962e-02	1.527166e+03	4.826866e+04	1.550572e+03	4.849296e+04
1.056818e-02	1.110655e+04	6.942192e+04	1.114220e+04	6.967395e+04
1.061696e-02	2.803121e+04	1.125233e+05	2.808940e+04	1.128318e+05
1.066596e-02	8.121660e+04	2.621150e+05	8.134508e+04	2.626193e+05
1.071519e-02	3.236245e+05	9.287830e+05	3.240255e+05	9.298372e+05
1.076465e-02	6.119614e+04	1.662104e+05	6.125233e+04	1.662665e+05
1.081434e-02	3.289349e+04	8.886092e+04	3.291143e+04	8.881575e+04
1.086426e-02	2.066669e+04	5.849409e+04	2.066728e+04	5.840922e+04
1.091440e-02	1.307465e+04	4.167365e+04	1.306383e+04	4.156685e+04
1.096478e-02	7.423068e+03	3.056644e+04	7.403236e+03	3.044528e+04
1.101539e-02	2.732548e+03	2.236034e+04	2.704905e+03	2.222872e+04
1.106624e-02	1.452899e+03	1.578300e+04	1.488475e+03	1.564317e+04
1.111732e-02	5.382757e+03	1.015950e+04	5.425385e+03	1.001288e+04
1.116863e-02	9.222620e+03	5.080381e+03	9.272584e+03	4.927938e+03
1.122018e-02	1.309584e+04	2.645674e+02	1.315346e+04	1.172725e+02
1.127197e-02	1.711029e+04	4.536773e+03	1.717610e+04	4.699495e+03
1.132400e-02	2.137191e+04	9.540634e+03	2.144667e+04	9.707939e+03
1.137627e-02	2.599249e+04	1.503158e+04	2.607730e+04	1.520340e+04
1.142878e-02	3.108917e+04	2.140853e+04	3.118558e+04	2.158493e+04
1.148154e-02	3.675953e+04	2.933580e+04	3.686978e+04	2.951704e+04
1.153453e-02	4.296457e+04	4.010003e+04	4.309200e+04	4.028668e+04
1.158777e-02	4.900228e+04	5.670325e+04	4.915212e+04	5.689647e+04
1.164126e-02	5.057788e+04	8.851104e+04	5.075867e+04	8.871351e+04
1.169499e-02	1.033319e+04	1.901884e+05	1.055472e+04	1.904099e+05
1.174898e-02	7.897331e+05	6.539278e+05	7.901331e+05	6.537866e+05
1.180321e-02	5.139842e+05	5.949762e+04	5.145941e+05	5.925965e+04
1.185769e-02	2.808379e+06	2.828819e+05	2.812103e+06	2.835128e+05
1.191242e-02	5.722072e+05	1.116482e+05	5.729712e+05	1.115676e+05
1.196741e-02	2.460724e+05	5.838157e+04	2.463898e+05	5.824282e+04
1.202264e-02	1.533519e+05	3.816012e+04	1.535380e+05	3.800279e+04
1.207814e-02	1.097747e+05	2.609839e+04	1.098972e+05	2.593111e+04
1.213389e-02	8.442511e+04	1.740043e+04	8.450945e+04	1.722657e+04
1.218990e-02	6.777843e+04	1.034867e+04	6.783698e+04	1.016993e+04
1.224616e-02	5.595618e+04	4.103443e+03	5.599586e+04	3.920859e+03
1.230269e-02	4.709689e+04	1.865971e+03	4.712200e+04	2.052097e+03
1.235947e-02	4.020987e+04	7.992166e+03	4.022324e+04	8.181017e+03
1.241652e-02	3.473961e+04	1.476247e+04	3.474320e+04	1.495370e+04
1.247384e-02	3.038677e+04	2.287656e+04	3.038201e+04	2.306977e+04
1.253141e-02	2.705397e+04	3.359567e+04	2.704191e+04	3.379036e+04
1.258925e-02	2.491739e+04	4.971443e+04	2.489879e+04	4.990980e+04
1.264736e-02	2.487478e+04	7.931689e+04	2.485009e+04	7.951117e+04
1.270574e-02	3.167912e+04	1.605737e+05	3.164805e+04	1.607604e+05
1.276439e-02	3.274035e+05	2.514398e+06	3.273297e+05	2.514293e+06
1.282331e-02	1.917604e+04	1.885303e+05	1.921020e+04	1.882954e+05
1.288250e-02	9.621480e+03	8.906859e+04	9.661147e+03	8.884363e+04
1.294196e-02	8.490792e+03	5.618070e+04	8.534547e+03	5.595739e+04
1.300170e-02	9.369225e+03	3.900002e+04	9.416513e+03	3.877638e+04
1.306171e-02	1.108453e+04	2.788774e+04	1.113498e+04	2.766296e+04
1.312200e-02	1.329286e+04	1.966804e+04	1.334617e+04	1.944167e+04
1.318257e-02	1.589008e+04	1.295113e+04	1.594598e+04	1.272285e+04
1.324342e-02	1.887452e+04	6.984883e+03	1.893273e+04	6.754435e+03
1.330454e-02	2.231130e+04	1.262307e+03	2.237156e+04	1.030007e+03
1.336596e-02	2.633467e+04	4.671658e+03	2.639671e+04	4.907701e+03
1.342765e-02	3.118109e+04	1.135399e+04	3.124464e+04	1.159352e+04
1.348963e-02	3.727705e+04	1.964860e+04	3.734186e+04	1.989259e+04
1.355189e-02	4.547712e+04	3.128995e+04	4.554308e+04	3.154012e+04
1.361445e-02	5.786182e+04	5.076354e+04	5.792936e+04	5.102369e+04
1.367729e-02	8.177857e+04	9.508106e+04	8.185077e+04	9.536277e+04
1.374042e-02	1.905122e+05	3.431193e+05	1.906245e+05	3.435159e+05
1.380384e-02	4.176898e+04	2.603585e+05	4.177898e+04	2.602355e+05
1.386756e-02	4.343833e+04	9.946248e+04	4.344057e+04	9.926275e+04
1.393157e-02	9.649525e+04	6.452512e+04	9.646631e+04	6.430401e+04
1.399587e-02	2.102910e+05	5.518853e+04	2.101529e+05	5.494930e+04
1.406048e-02	2.748969e+06	2.448086e+05	2.746104e+06	2.443479e+05
1.412538e-02	2.677523e+05	1.908994e+03	2.673591e+05	2.115907e+03
1.419058e-02	1.270006e+05	2.898902e+03	1.267529e+05	2.674986e+03
1.425608e-02	8.141547e+04	1.048623e+03	8.121146e+04	8.177296e+02
1.432188e-02	5.817608e+04	2.154630e+03	5.799206e+04	2.391337e+03
1.438799e-02	4.367303e+04	5.980162e+03	4.349980e+04	6.221653e+03
1.445440e-02	3.345896e+04	1.041489e+04	3.329199e+04	1.066123e+04
1.452112e-02	2.562095e+04	1.573625e+04	2.545765e+04	1.598799e+04
1.458814e-02	1.916259e+04	2.255585e+04	1.900128e+04	2.281423e+04
1.465548e-02	1.344363e+04	3.219099e+04	1.328308e+04	3.245852e+04
1.472313e-02	7.859372e+03	4.799378e+04	7.698419e+03	4.827617e+04
1.479108e-02	1.212730e+03	8.178024e+04	1.050550e+03	8.209426e+04
1.485936e-02	1.444602e+04	2.270621e+05	1.462101e+04	2.275122e+05
1.492794e-02	2.667598e+04	3.079649e+05	2.654278e+04	3.080169e+05
1.499685e-02	5.049696e+03	8.850080e+04	4.898653e+03	8.834724e+04
1.506607e-02	1.672715e+03	4.880534e+04	1.828059e+03	4.861499e+04
1.513561e-02	6.720402e+03	3.122670e+04	6.877990e+03	3.102046e+04
1.520548e-02	1.149199e+04	2.066246e+04	1.165153e+04	2.044710e+04
1.527566e-02	1.650721e+04	1.311001e+04	1.666864e+04	1.288860e+04
1.534617e-02	2.217346e+04	7.007749e+03	2.233683e+04	6.781973e+03
1.541700e-02	2.900437e+04	1.563827e+03	2.916983e+04	1.335070e+03
1.548817e-02	3.783606e+04	3.751331e+03	3.800389e+04	3.983210e+03
1.555966e-02	5.027905e+04	9.424088e+03	5.044972e+04	9.657995e+03
1.563148e-02	7.002232e+04	1.612220e+04	7.019675e+04	1.635764e+04
1.570363e-02	1.079213e+05	2.515019e+04	1.081017e+05	2.538660e+04
1.577611e-02	2.157577e+05	4.061349e+04	2.159522e+05	4.085025e+04
1.584893e-02	3.380046e+06	2.084735e+05	3.380595e+06	2.087237e+05
1.592209e-02	2.799251e+05	8.082016e+04	2.797782e+05	8.104250e+04
1.599558e-02	2.856255e+05	6.659537e+05	2.854256e+05	6.660296e+05
1.606941e-02	4.606880e+04	1.307631e+05	4.591330e+04	1.304793e+05
1.614359e-02	4.123426e+04	5.692104e+04	4.107052e+04	5.665392e+04
1.621810e-02	3.263565e+04	3.318699e+04	3.246772e+04	3.292384e+04
1.629296e-02	2.550630e+04	2.027985e+04	2.533532e+04	2.001796e+04
1.636817e-02	1.966367e+04	1.122430e+04	1.949014e+04	1.096269e+04
1.644372e-02	1.469928e+04	3.630969e+03	1.452348e+04	3.369332e+03
1.651962e-02	1.028749e+04	3.801236e+03	1.010957e+04	4.063500e+03
1.659587e-02	6.160227e+03	1.229477e+04	5.980291e+03	1.255743e+04
1.667247e-02	2.029739e+03	2.392363e+04	1.847998e+03	2.418654e+04
1.674943e-02	2.626454e+03	4.436713e+04	2.810498e+03	4.462973e+04
1.682674e-02	9.942145e+03	1.022185e+05	1.012794e+04	1.024782e+05
1.690441e-02	1.851217e+05	2.693213e+06	1.849292e+05	2.692759e+06
1.698244e-02	2.212067e+03	1.048581e+05	2.403422e+03	1.045808e+05
1.706082e-02	9.921010e+03	5.329294e+04	1.011451e+04	5.301793e+04
1.713957e-02	1.604275e+04	3.454927e+04	1.623891e+04	3.427410e+04
1.721869e-02	2.277656e+04	2.424883e+04	2.297593e+04	2.397279e+04
1.729816e-02	3.136533e+04	1.736895e+04	3.156873e+04	1.709166e+04
1.737801e-02	4.384004e+04	1.225303e+04	4.404900e+04	1.197422e+04
1.745822e-02	6.533762e+04	8.354382e+03	6.555557e+04	8.073853e+03
1.753881e-02	1.156344e+05	6.241398e+03	1.158721e+05	5.959199e+03
1.761976e-02	4.221206e+05	1.783500e+04	4.224729e+05	1.755556e+04
1.770109e-02	2.534590e+05	2.460836e+04	2.533553e+05	2.490581e+04
1.778279e-02	9.235182e+04	2.320118e+04	9.218662e+04	2.350193e+04
1.786488e-02	5.145267e+04	3.176195e+04	5.126985e+04	3.207234e+04
1.794734e-02	2.899830e+04	5.032811e+04	2.880299e+04	5.065861e+04
1.803018e-02	4.168760e+03	1.065461e+05	3.954585e+03	1.069387e+05
1.811340e-02	5.348036e+05	1.966959e+06	5.351928e+05	1.968899e+06
1.819701e-02	4.460236e+04	9.479866e+04	4.443967e+04	9.463416e+04
1.828100e-02	2.810249e+04	4.593219e+04	2.792376e+04	4.571420e+04
1.836538e-02	2.034653e+04	2.791313e+04	2.016108e+04	2.767641e+04
1.845015e-02	1.514157e+04	1.774540e+04	1.495192e+04	1.749898e+04
1.853532e-02	1.109569e+04	1.057864e+04	1.090295e+04	1.032622e+04
1.862087e-02	7.684757e+03	4.670590e+03	7.489508e+03	4.414095e+03
1.870682e-02	4.654094e+03	8.962835e+02	4.456706e+03	1.155699e+03
1.879317e-02	1.865982e+03	6.873988e+03	1.666764e+03	7.135903e+03
1.887991e-02	7.365611e+02	1.434668e+04	9.378146e+02	1.461026e+04
1.896706e-02	3.065653e+03	2.579328e+04	3.268528e+03	2.605793e+04
1.905461e-02	4.416738e+03	5.058640e+04	4.621254e+03	5.085095e+04
1.914256e-02	5.569996e+03	2.027134e+05	5.363407e+03	2.029693e+05
1.923092e-02	2.834979e+04	1.098494e+05	2.855625e+04	1.095721e+05
1.931968e-02	2.823885e+04	3.980355e+04	2.844730e+04	3.952985e+04
1.940886e-02	3.558561e+04	2.088947e+04	3.579586e+04	2.061634e+04
1.949845e-02	4.982404e+04	1.095393e+04	5.003648e+04	1.068108e+04
1.958845e-02	8.298658e+04	4.608471e+03	8.320281e+04	4.336199e+03
1.967886e-02	2.650652e+05	7.670819e+03	2.652992e+05	7.400433e+03
1.976970e-02	1.769700e+05	2.988256e+04	1.767786e+05	3.015376e+04
1.986095e-02	5.206202e+04	3.754504e+04	5.185971e+04	3.781136e+04
1.995262e-02	1.436020e+04	6.896525e+04	1.415854e+04	6.921974e+04
2.004472e-02	5.998721e+04	2.621878e+05	6.016610e+04	2.623646e+05
2.013724e-02	7.034830e+04	1.676386e+05	7.011142e+04	1.672842e+05
2.023019e-02	3.213817e+04	6.369529e+04	3.191334e+04	6.338165e+04
2.032357e-02	2.021347e+04	3.796459e+04	1.999063e+04	3.765965e+04
2.041738e-02	1.325050e+04	2.547728e+04	1.302803e+04	2.517546e+04
2.051162e-02	8.173903e+03	1.751532e+04	7.951269e+03	1.721456e+04
2.060630e-02	3.991090e+03	1.150897e+04	3.768125e+03	1.120818e+04
2.070141e-02	2.425438e+02	6.352161e+03	4.777890e+01	6.050533e+03
2.079697e-02	3.362830e+03	1.371999e+03	3.586849e+03	1.069208e+03
2.089296e-02	7.038129e+03	4.075877e+03	7.262539e+03	4.381987e+03
2.098940e-02	1.101336e+04	1.099037e+04	1.123807e+04	1.130102e+04
2.108628e-02	1.556533e+04	2.181071e+04	1.579013e+04	2.212988e+04
2.118361e-02	2.100017e+04	4.625448e+04	2.122453e+04	4.659525e+04
2.128139e-02	2.459671e+04	2.322249e+05	2.481630e+04	2.327397e+05
2.137962e-02	4.622374e+04	9.312113e+04	4.645033e+04	9.291424e+04
2.147830e-02	7.101546e+04	3.872948e+04	7.123782e+04	3.847190e+04
2.157744e-02	1.562678e+05	2.484006e+04	1.564780e+05	2.456825e+04
2.167704e-02	7.905000e+05	1.091611e+04	7.901472e+05	1.118796e+04
2.177710e-02	1.077308e+05	1.619071e+03	1.074792e+05	1.337292e+03
2.187762e-02	5.477730e+04	3.178206e+03	5.453265e+04	3.464032e+03
2.197860e-02	3.414564e+04	9.800760e+03	3.390295e+04	1.009022e+04
2.208005e-02	2.206386e+04	2.006490e+04	2.182155e+04	2.035917e+04
2.218196e-02	1.199890e+04	4.335339e+04	1.175568e+04	4.365794e+04
2.228435e-02	2.255654e+04	2.671410e+05	2.281235e+04	2.675442e+05
2.238721e-02	1.756806e+04	6.992175e+04	1.733156e+04	6.966839e+04
2.249055e-02	8.446991e+03	2.770372e+04	8.207959e+03	2.743252e+04
2.259436e-02	3.302319e+03	1.369043e+04	3.062481e+03	1.341438e+04
2.269865e-02	1.077118e+03	5.099128e+03	1.317616e+03	4.821342e+03
2.280342e-02	5.439525e+03	2.182596e+03	5.680330e+03	2.460666e+03
2.290868e-02	1.030356e+04	1.009391e+04	1.054442e+04	1.037066e+04
2.301442e-02	1.638005e+04	2.109259e+04	1.662061e+04	2.136537e+04
2.312065e-02	2.524273e+04	4.223374e+04	2.548209e+04	4.249589e+04
2.322737e-02	4.388327e+04	1.239161e+05	4.411728e+04	1.241299e+05
2.333458e-02	3.107732e+04	2.258770e+05	3.133055e+04	2.254455e+05
2.344229e-02	1.182666e+05	6.551054e+04	1.185019e+05	6.517698e+04
2.355049e-02	5.076292e+05	1.684009e+04	5.073156e+05	1.652400e+04
2.365920e-02	8.680810e+04	1.881179e+04	8.654699e+04	1.849914e+04
2.376840e-02	4.687321e+04	1.220548e+04	4.661660e+04	1.189507e+04
2.387811e-02	3.105576e+04	6.372391e+03	3.080050e+04	6.062958e+03
2.398833e-02	2.217740e+04	5.361339e+02	2.192258e+04	2.335083e+02
2.409905e-02	1.625977e+04	6.516042e+03	1.600497e+04	6.826351e+03
2.421029e-02	1.194504e+04	1.760615e+04	1.169008e+04	1.791884e+04
2.432204e-02	9.029133e+03	4.624864e+04	8.774029e+03	4.656908e+04
2.443431e-02	7.118466e+04	2.136236e+06	7.142962e+04	2.136588e+06
2.454709e-02	1.276918e+03	5.172589e+04	1.534319e+03	5.143487e+04
2.466039e-02	3.791244e+03	2.463237e+04	4.049175e+03	2.433357e+04
2.477422e-02	7.232744e+03	1.364215e+04	7.491564e+03	1.334018e+04
2.488857e-02	1.158267e+04	6.269532e+03	1.184273e+04	5.965301e+03
2.500345e-02	1.753645e+04	4.893065e+02	1.779831e+04	7.940458e+02
2.511886e-02	2.695954e+04	8.709417e+03	2.722444e+04	9.019445e+03
2.523481e-02	4.627024e+04	2.312233e+04	4.654186e+04	2.343891e+04
2.535129e-02	1.227741e+05	7.693484e+04	1.230761e+05	7.727713e+04
2.546830e-02	1.640130e+05	1.430108e+05	1.638695e+05	1.427624e+05
2.558586e-02	6.767785e+04	3.193528e+04	6.742002e+04	3.166084e+04
2.570396e-02	3.352831e+04	1.794648e+04	3.327599e+04	1.765942e+04
2.582260e-02	2.107583e+04	9.669375e+03	2.082245e+04	9.378533e+03
2.594179e-02	1.397078e+04	3.202152e+03	1.371634e+04	2.909948e+03
2.606154e-02	9.051302e+03	3.339668e+03	8.796008e+03	3.632175e+03
2.618183e-02	5.221840e+03	1.192003e+04	4.965869e+03	1.221113e+04
2.630268e-02	2.057623e+03	2.796175e+04	1.801127e+03	2.824790e+04
2.642409e-02	1.464603e+02	9.579432e+04	1.112799e+02	9.605358e+04
2.654606e-02	7.502825e+03	1.138669e+05	7.758707e+03	1.135187e+05
2.666859e-02	9.568768e+03	3.567173e+04	9.825328e+03	3.535492e+04
2.679168e-02	1.354809e+04	1.847060e+04	1.380452e+04	1.815982e+04
2.691535e-02	1.895615e+04	8.995687e+03	1.921197e+04	8.687752e+03
2.703958e-02	2.693999e+04	1.033979e+03	2.719444e+04	7.302134e+02
2.716439e-02	4.083930e+04	8.518365e+03	4.109068e+04	8.821485e+03
2.728978e-02	7.401472e+04	2.623657e+04	7.425749e+04	2.653407e+04
2.741574e-02	2.905495e+05	1.205520e+05	2.907281e+05	1.208180e+05
2.754229e-02	5.484220e+05	5.780851e+05	5.480859e+05	5.773742e+05
2.766942e-02	5.244953e+04	4.023764e+04	5.217497e+04	3.990875e+04
2.779713e-02	3.193409e+04	2.330693e+04	3.166220e+04	2.298448e+04
2.792544e-02	2.131580e+04	1.488990e+04	2.104567e+04	1.456929e+04
2.805434e-02	1.454375e+04	8.835461e+03	1.427480e+04	8.515032e+03
2.818383e-02	9.567097e+03	3.243327e+03	9.299060e+03	2.921928e+03
2.831392e-02	5.518162e+03	3.369393e+03	5.251019e+03	3.693765e+03
2.844461e-02	2.014328e+03	1.427609e+04	1.748371e+03	1.460762e+04
2.857591e-02	4.796342e+02	5.049683e+04	7.436043e+02	5.085826e+04
2.870781e-02	1.154916e+04	1.166963e+05	1.181780e+04	1.164866e+05
2.884032e-02	1.339506e+04	2.959276e+04	1.365875e+04	2.930761e+04
2.897344e-02	2.031225e+04	1.463120e+04	2.057216e+04	1.433557e+04
2.910717e-02	3.284439e+04	6.084100e+03	3.309752e+04	5.784625e+03
2.924152e-02	6.424796e+04	2.312517e+03	6.448294e+04	2.613467e+03
2.937650e-02	3.837070e+05	2.265987e+04	3.837477e+05	2.295620e+04
2.951209e-02	1.000923e+05	3.928448e+04	9.975378e+04	3.959094e+04
2.964831e-02	5.150598e+04	1.355546e+05	5.120190e+04	1.352520e+05
2.978516e-02	2.913103e+04	3.141645e+04	2.883619e+04	3.111260e+04
2.992265e-02	1.985922e+04	1.607550e+04	1.956844e+04	1.577228e+04
3.006076e-02	1.418540e+04	7.739540e+03	1.389661e+04	7.437706e+03
3.019952e-02	1.027971e+04	3.848529e+02	9.991700e+03	1.165227e+02
3.033891e-02	7.736318e+03	9.233766e+03	7.447922e+03	9.527649e+03
3.047895e-02	7.969635e+03	2.995392e+04	7.678184e+03	3.023230e+04
3.061963e-02	6.036576e+04	2.778090e+05	6.002587e+04	2.778737e+05
3.076097e-02	2.366088e+04	5.973228e+04	2.393260e+04	5.937131e+04
3.090295e-02	2.495480e+04	2.745865e+04	2.523227e+04	2.712303e+04
3.104560e-02	3.879366e+04	1.513175e+04	3.907266e+04	1.480326e+04
3.118890e-02	9.421849e+04	2.613890e+03	9.449784e+04	2.290036e+03
3.133286e-02	2.416228e+05	3.464297e+04	2.413410e+05	3.431874e+04
3.147748e-02	5.293625e+04	8.119831e+03	5.265531e+04	7.795555e+03
3.162278e-02	2.963037e+04	3.337962e+03	2.934971e+04	3.664153e+03
3.351603e-02	5.308682e+04	4.985372e+03	5.280606e+04	5.279992e+03
3.552262e-02	3.558062e+04	5.513882e+03	3.526007e+04	5.186252e+03
3.764936e-02	1.390328e+04	8.486395e+03	1.360902e+04	8.169579e+03
3.990342e-02	7.958719e+03	2.331390e+03	7.674314e+03	2.651460e+03
4.229243e-02	2.527066e+03	4.031759e+04	2.826597e+03	3.995899e+04
4.482447e-02	6.685710e+04	9.119544e+03	6.717485e+04	8.779120e+03
4.750810e-02	2.231152e+04	6.095090e+04	2.197945e+04	6.112338e+04
5.035240e-02	1.113912e+04	6.914461e+03	1.145572e+04	6.580633e+03
5.336699e-02	1.184590e+04	7.602485e+03	1.153303e+04	7.264659e+03
5.656206e-02	7.171323e+04	7.864356e+03	7.143260e+04	7.522843e+03
5.994843e-02	5.720550e+03	9.961315e+03	6.019510e+03	9.618019e+03
6.353753e-02	2.023011e+03	1.992613e+03	1.724557e+03	1.650972e+03
6.734151e-02	5.697481e+03	8.120400e+03	5.378244e+03	7.771716e+03
7.137323e-02	2.723296e+03	2.439200e+03	2.421274e+03	2.093535e+03
7.564633e-02	5.441738e+03	7.230354e+02	5.749567e+03	3.822006e+02
8.017526e-02	9.251971e+03	4.837760e+03	8.927095e+03	5.210896e+03
8.497534e-02	3.860076e+03	3.447492e+02	3.554991e+03	1.252373e+01
9.006280e-02	5.369134e+03	1.645342e+03	5.047741e+03	1.982186e+03
9.545485e-02	3.867881e+03	7.149170e+02	3.542457e+03	1.060240e+03
1.011697e-01	1.218159e+04	9.486579e+04	1.197844e+04	9.473224e+04
1.072267e-01	4.351480e+02	2.886725e+03	1.160009e+02	3.232468e+03
1.136464e-01	1.248016e+03	2.850250e+03	9.250055e+02	3.194221e+03
1.204504e-01	5.662165e+04	1.146232e+03	5.652791e+04	8.644315e+02
1.276617e-01	1.183643e+03	5.570814e+03	8.627137e+02	5.226869e+03
1.353048e-01	1.491317e+03	1.518090e+03	1.166518e+03	1.177247e+03
1.434054e-01	1.874420e+03	8.816971e+03	1.543884e+03	8.482105e+03
1.519911e-01	7.009816e+02	2.504251e+03	1.023794e+03	2.159679e+03
1.610908e-01	4.527627e+02	2.312594e+02	6.321898e+02	5.685295e+02
1.707353e-01	2.859425e+04	5.228535e+03	2.915275e+04	5.300885e+03
1.809572e-01	6.221190e+01	2.830571e+02	2.647862e+02	5.902016e+01
1.917910e-01	1.715453e+03	3.811723e+03	2.035237e+03	4.136616e+03
2.032735e-01	1.306154e+03	1.699542e+03	1.627743e+03	2.047638e+03
2.154435e-01	8.559744e+04	2.353757e+02	8.542538e+04	1.653939e+02
2.283420e-01	3.939885e+01	1.279756e+02	2.967613e+02	4.669185e+02
2.420128e-01	4.196948e+02	4.362192e+02	1.040141e+02	1.027743e+02
2.565021e-01	2.175503e+03	1.121728e+03	1.858386e+03	7.794691e+02
2.718588e-01	3.632105e+03	1.395707e+03	3.306304e+03	1.710316e+03
2.881350e-01	8.696218e+02	6.280182e+02	5.450566e+02	2.859095e+02
3.053856e-01	6.524671e+02	4.781126e+02	3.280526e+02	1.361000e+02
3.236689e-01	5.252650e+02	3.882841e+02	2.009031e+02	4.630279e+01
3.430469e-01	4.362601e+02	3.243280e+02	1.119195e+02	1.765059e+01
3.635851e-01	3.688980e+02	2.753138e+02	4.456610e+01	6.665890e+01
3.853529e-01	3.155921e+02	2.361728e+02	8.756278e+00	1.058010e+02
4.084239e-01	2.721911e+02	2.040914e+02	5.214879e+01	1.378857e+02
4.328761e-01	2.361581e+02	1.773247e+02	8.818576e+01	1.646564e+02
4.587923e-01	2.058198e+02	1.547056e+02	1.185295e+02	1.872800e+02
4.862602e-01	1.800081e+02	1.354085e+02	1.443470e+02	2.065814e+02
5.153725e-01	1.578717e+02	1.188250e+02	1.664892e+02	2.231692e+02
5.462277e-01	1.387687e+02	1.044917e+02	1.855979e+02	2.375065e+02
5.789303e-01	1.222014e+02	9.204645e+01	2.021704e+02	2.499555e+02
6.135907e-01	1.077759e+02	8.120033e+01	2.166010e+02	2.608050e+02
6.503263e-01	9.517404e+01	7.171901e+01	2.292074e+02	2.702895e+02
6.892612e-01	8.413571e+01	6.340974e+01	2.402499e+02	2.786016e+02
7.305272e-01	7.444517e+01	5.611219e+01	2.499443e+02	2.859018e+02
7.742637e-01	6.592183e+01	4.969169e+01	2.584711e+02	2.923246e+02
8.206187e-01	5.841315e+01	4.403422e+01	2.659829e+02	2.979842e+02
8.697490e-01	5.178938e+01	3.904264e+01	2.726095e+02	3.029777e+02
9.218207e-01	4.593946e+01	3.463365e+01	2.784620e+02	3.073884e+02
9.770100e-01	4.076785e+01	3.073550e+01	2.836359e+02	3.112881e+02
1.035503e+00	3.619196e+01	2.728613e+01	2.882138e+02	3.147388e+02
1.097499e+00	3.214018e+01	2.423166e+01	2.922675e+02	3.177945e+02
1.163206e+00	2.855016e+01	2.152519e+01	2.958591e+02	3.205021e+02
1.232847e+00	2.536749e+01	1.912574e+01	2.990433e+02	3.229025e+02
1.306657e+00	2.254457e+01	1.699747e+01	3.018675e+02	3.250317e+02
1.384886e+00	2.003966e+01	1.510892e+01	3.043736e+02	3.269210e+02
1.467799e+00	1.781610e+01	1.343247e+01	3.065983e+02	3.285981e+02
1.555676e+00	1.584164e+01	1.194382e+01	3.085737e+02	3.300874e+02
1.648814e+00	1.408786e+01	1.062156e+01	3.103283e+02	3.314102e+02
1.747528e+00	1.252971e+01	9.446776e+00	3.118872e+02	3.325855e+02
1.852153e+00	1.114504e+01	8.402797e+00	3.132725e+02	3.336299e+02
1.963041e+00	9.914307e+00	7.474873e+00	3.145039e+02	3.345582e+02
2.080568e+00	8.820194e+00	6.649959e+00	3.155985e+02	3.353835e+02
2.205131e+00	7.847388e+00	5.916507e+00	3.165718e+02	3.361173e+02
2.337152e+00	6.982320e+00	5.264285e+00	3.174373e+02	3.367698e+02
2.477076e+00	6.212965e+00	4.684227e+00	3.182070e+02	3.373501e+02
2.625378e+00	5.528660e+00	4.168294e+00	3.188916e+02	3.378662e+02
2.782559e+00	4.919944e+00	3.709352e+00	3.195007e+02	3.383254e+02
2.949151e+00	4.378421e+00	3.301072e+00	3.200425e+02	3.387338e+02
3.125716e+00	3.896639e+00	2.937834e+00	3.205245e+02	3.390972e+02
3.312852e+00	3.467978e+00	2.614646e+00	3.209533e+02	3.394206e+02
3.511192e+00	3.086559e+00	2.327077e+00	3.213350e+02	3.397083e+02
3.721406e+00	2.747157e+00	2.071187e+00	3.216745e+02	3.399643e+02
3.944206e+00	2.445130e+00	1.843476e+00	3.219767e+02	3.401921e+02
4.180345e+00	2.176350e+00	1.640831e+00	3.222456e+02	3.403948e+02
4.430621e+00	1.937149e+00	1.460488e+00	3.224849e+02	3.405752e+02
4.695882e+00	1.724265e+00	1.299986e+00	3.226979e+02	3.407358e+02
4.977024e+00	1.534797e+00	1.157139e+00	3.228875e+02	3.408787e+02
5.274997e+00	1.366165e+00	1.030001e+00	3.230562e+02	3.410059e+02
5.590810e+00	1.216075e+00	9.168418e-01	3.232064e+02	3.411191e+02
5.925531e+00	1.082484e+00	8.161226e-01	3.233400e+02	3.412199e+02
6.280291e+00	9.635766e-01	7.264741e-01	3.234590e+02	3.413096e+02
6.656291e+00	8.577376e-01	6.466781e-01	3.235649e+02	3.413894e+02
7.054802e+00	7.635290e-01	5.756509e-01	3.236591e+02	3.414604e+02
7.477172e+00	6.796718e-01	5.124279e-01	3.237430e+02	3.415237e+02
7.924829e+00	6.050278e-01	4.561511e-01	3.238177e+02	3.415800e+02
8.399287e+00	5.385840e-01	4.060568e-01	3.238842e+02	3.416301e+02
8.902151e+00	4.794391e-01	3.614654e-01	3.239434e+02	3.416747e+02
9.435121e+00	4.267908e-01	3.217720e-01	3.239960e+02	3.417144e+02
1.000000e+01	3.799253e-01	2.864385e-01	3.240429e+02	3.417498e+02
